0.0122718463 3.5088928828
0.0245436926 3.4758639122
0.0368155389 3.4307970029
0.0490873852 3.3740352388
0.0613592315 3.2902153866
0.0736310778 3.1983080508
0.0859029241 3.0933120792
0.0981747704 2.9699753842
0.1104466167 2.8409536727
0.1227184630 2.7036994185
0.1349903093 2.5618641931
0.1472621556 2.4100153908
0.1595340019 2.2398765498
0.1718058482 2.0707797578
0.1840776945 1.9081469896
0.1963495408 1.7441824223
0.2086213872 1.5753852328
0.2208932335 1.4005121257
0.2331650798 1.2350594976
0.2454369261 1.0805404060
0.2577087724 0.9202702618
0.2699806187 0.7732500702
0.2822524650 0.6378279801
0.2945243113 0.5081690915
0.3067961576 0.3819653085
0.3190680039 0.2621478309
0.3313398502 0.1603086620
0.3436116965 0.0719232329
0.3558835428 0.0214842232
0.3681553891 0.0820705231
0.3804272354 0.1446894957
0.3926990817 0.1948482050
0.4049709280 0.2349586293
0.4172427743 0.2655770207
0.4295146206 0.2861036309
0.4417864669 0.2986365203
0.4540583132 0.3028625308
0.4663301595 0.3004259553
0.4786020058 0.2907922838
0.4908738521 0.2763663387
0.5031456984 0.2570141283
0.5154175447 0.2331290013
0.5276893910 0.2057429580
0.5399612373 0.1762591720
0.5522330836 0.1464323634
0.5645049299 0.1157933487
0.5767767762 0.0847591507
0.5890486225 0.0537363621
0.6013204689 0.0245259891
0.6135923152 0.0075561695
0.6258641615 0.0297936177
0.6381360078 0.0519880527
0.6504078541 0.0722208543
0.6626797004 0.0885994136
0.6749515467 0.1027091898
0.6872233930 0.1131883809
0.6994952393 0.1200209537
0.7117670856 0.1244912018
0.7240389319 0.1247683367
0.7363107782 0.1231711019
0.7485826245 0.1179011850
0.7608544708 0.1109532126
0.7731263171 0.1016474496
0.7853981634 0.0907245838
0.7976700097 0.0785897218
0.8099418560 0.0648885460
0.8222137023 0.0510822435
0.8344855486 0.0359703483
0.8467573949 0.0215631667
0.8590292412 0.0082150058
0.8713010875 0.0061834886
0.8835729338 0.0184901639
0.8958447801 0.0303265929
0.9081166264 0.0405986039
0.9203884727 0.0492638170
0.9326603190 0.0566463619
0.9449321653 0.0621223683
0.9572040116 0.0658708718
0.9694758579 0.0680321159
0.9817477042 0.0684563227
0.9940195505 0.0672547144
1.0062913969 0.0646874991
1.0185632432 0.0605718113
1.0308350895 0.0556214551
1.0431069358 0.0491628095
1.0553787821 0.0418322805
1.0676506284 0.0344227819
1.0799224747 0.0261510333
1.0921943210 0.0177849572
1.1044661673 0.0091967717
1.1167380136 0.0033202797
1.1290098599 0.0070600796
1.1412817062 0.0146734886
1.1535535525 0.0212430589
1.1658253988 0.0273402666
1.1780972451 0.0323836132
1.1903690914 0.0367554050
1.2026409377 0.0398994576
1.2149127840 0.0420290450
1.2271846303 0.0430785292
1.2394564766 0.0431279241
1.2517283229 0.0421956623
1.2640001692 0.0402159903
1.2762720155 0.0375650913
1.2885438618 0.0339395756
1.3008157081 0.0298104712
1.3130875544 0.0250139627
1.3253594007 0.0199661007
1.3376312470 0.0147098816
1.3499030933 0.0090631512
1.3621749396 0.0039892885
1.3744467859 0.0027156128
1.3867186322 0.0069944764
1.3989904786 0.0120958932
1.4112623249 0.0164735287
1.4235341712 0.0201735109
1.4358060175 0.0235307574
1.4480778638 0.0261140077
1.4603497101 0.0280574444
1.4726215564 0.0291878461
1.4848934027 0.0295961903
1.4971652490 0.0293866078
1.5094370953 0.0286215909
1.5217089416 0.0268740824
1.5339807879 0.0248739208
1.5462526342 0.0221661519
1.5585244805 0.0192094618
1.5707963268 0.0157489361
1.5830681731 0.0120021642
1.5953400194 0.0082527590
1.6076118657 0.0042628049
1.6198837120 0.0016402618
1.6321555583 0.0034889281
1.6444274046 0.0070062628
1.6566992509 0.0103538138
1.6689710972 0.0134242539
1.6812429435 0.0158931708
1.6935147898 0.0180479878
1.7057866361 0.0197190782
1.7180584824 0.0209035383
1.7303303287 0.0214971880
1.7426021750 0.0215689175
1.7548740213 0.0212367237
1.7671458676 0.0204174985
1.7794177139 0.0189264550
1.7916895603 0.0171768005
1.8039614066 0.0151466289
1.8162332529 0.0128292266
1.8285050992 0.0101220530
1.8407769455 0.0072809124
1.8530487918 0.0044221359
1.8653206381 0.0021900277
1.8775924844 0.0019611236
1.8898643307 0.0041880648
1.9021361770 0.0067540704
1.9144080233 0.0090876124
1.9266798696 0.0112822734
1.9389517159 0.0129429412
1.9512235622 0.0144344109
1.9634954085 0.0154987913
1.9757672548 0.0162905149
1.9880391011 0.0164763368
2.0003109474 0.0162545259
2.0125827937 0.0159389034
2.0248546400 0.0149798114
2.0371264863 0.0139878872
2.0493983326 0.0123009520
2.0616701789 0.0105417944
2.0739420252 0.0089271625
2.0862138715 0.0065041234
2.0984857178 0.0048415959
2.1107575641 0.0034665756
2.1230294104 0.0030530753
2.1353012567 0.0036137797
2.1475731030 0.0048615814
2.1598449493 0.0063440837
2.1721167956 0.0080913242
2.1843886419 0.0094508978
2.1966604883 0.0107833542
2.2089323346 0.0118791599
2.2212041809 0.0122238852
2.2334760272 0.0129702952
2.2457478735 0.0127662051
2.2580197198 0.0125820918
2.2702915661 0.0120478700
2.2825634124 0.0112279589
2.2948352587 0.0102283814
2.3071071050 0.0088469184
2.3193789513 0.0073751925
2.3316507976 0.0058903268
2.3439226439 0.0041337011
2.3561944902 0.0028197489
2.3684663365 0.0021700165
2.3807381828 0.0022404849
2.3930100291 0.0031039204
2.4052818754 0.0045876217
2.4175537217 0.0061066163
2.4298255680 0.0072261227
2.4420974143 0.0083955666
2.4543692606 0.0091704877
2.4666411069 0.0099133978
2.4789129532 0.0102105659
2.4911847995 0.0104856185
2.5034566458 0.0104859330
2.5157284921 0.0099130942
2.5280003384 0.0095991968
2.5402721847 0.0087981018
2.5525440310 0.0079843265
2.5648158773 0.0070177028
2.5770877236 0.0058058127
2.5893595700 0.0050989475
2.6016314163 0.0044378061
2.6139032626 0.0040100018
2.6261751089 0.0039079287
2.6384469552 0.0038424821
2.6507188015 0.0042327522
2.6629906478 0.0051917515
2.6752624941 0.0060190091
2.6875343404 0.0069697481
2.6998061867 0.0073176451
2.7120780330 0.0078976901
2.7243498793 0.0084010786
2.7366217256 0.0084478687
2.7488935719 0.0085977182
2.7611654182 0.0080705159
2.7734372645 0.0079932383
2.7857091108 0.0073616783
2.7979809571 0.0065618730
2.8102528034 0.0060622034
2.8225246497 0.0050552545
2.8347964960 0.0048112684
2.8470683423 0.0041744880
2.8593401886 0.0038801414
2.8716120349 0.0042234583
2.8838838812 0.0043253697
2.8961557275 0.0047440029
2.9084275738 0.0049913708
2.9206994201 0.0055918726
2.9329712664 0.0056737840
2.9452431127 0.0063600801
2.9575149590 0.0064916269
2.9697868053 0.0069233869
2.9820586516 0.0072622427
2.9943304980 0.0072360813
3.0066023443 0.0072984477
3.0188741906 0.0070843526
3.0311460369 0.0068405945
3.0434178832 0.0063088940
3.0556897295 0.0058078696
3.0679615758 0.0051795945
3.0802334221 0.0044224692
3.0925052684 0.0038593598
3.1047771147 0.0033797662
3.1170489610 0.0030179007
3.1293208073 0.0030623716
