0.0122718463 1.3976529835
0.0245436926 5.8392179231
0.0368155389 6.1230050503
0.0490873852 10.8705654181
0.0613592315 17.4668194349
0.0736310778 16.5599844478
0.0859029241 17.3297033163
0.0981747704 17.9363651902
0.1104466167 18.5456491243
0.1227184630 18.1655278269
0.1349903093 13.9136832083
0.1472621556 15.0222031823
0.1595340019 13.7362734784
0.1718058482 10.1638370478
0.1840776945 9.0869792289
0.1963495408 7.9693690925
0.2086213872 7.0360636193
0.2208932335 5.4986211610
0.2331650798 4.3371589757
0.2454369261 3.4417173744
0.2577087724 2.5071718495
0.2699806187 1.7595099926
0.2822524650 1.1473108072
0.2945243113 0.7147247741
0.3067961576 0.4213305981
0.3190680039 0.2029697573
0.3313398502 0.0796850211
0.3436116965 0.0230837113
0.3558835428 0.0077675915
0.3681553891 0.0249583574
0.3804272354 0.0632617718
0.3926990817 0.1062109661
0.4049709280 0.1635199794
0.4172427743 0.2074733462
0.4295146206 0.2286878271
0.4417864669 0.2458316075
0.4540583132 0.2655016649
0.4663301595 0.2632327750
0.4786020058 0.2433370524
0.4908738521 0.2215227098
0.5031456984 0.1916017227
0.5154175447 0.1604639380
0.5276893910 0.1234421306
0.5399612373 0.0873347160
0.5522330836 0.0612252262
0.5645049299 0.0396498625
0.5767767762 0.0214398711
0.5890486225 0.0092592514
0.6013204689 0.0027349106
0.6135923152 0.0009263644
0.6258641615 0.0031373652
0.6381360078 0.0078951818
0.6504078541 0.0145620035
0.6626797004 0.0222084612
0.6749515467 0.0292984115
0.6872233930 0.0353633964
0.6994952393 0.0400791957
0.7117670856 0.0440420651
0.7240389319 0.0447691852
0.7363107782 0.0425443845
0.7485826245 0.0393389448
0.7608544708 0.0349903006
0.7731263171 0.0290658368
0.7853981634 0.0228927780
0.7976700097 0.0173713283
0.8099418560 0.0119493252
0.8222137023 0.0075108392
0.8344855486 0.0039164247
0.8467573949 0.0016199508
0.8590292412 0.0004521615
0.8713010875 0.0003142170
0.8835729338 0.0011474795
0.8958447801 0.0027130447
0.9081166264 0.0046767186
0.9203884727 0.0067731528
0.9326603190 0.0088529425
0.9449321653 0.0107791252
0.9572040116 0.0121470646
0.9694758579 0.0127584468
0.9817477042 0.0130818551
0.9940195505 0.0127610908
1.0062913969 0.0116050752
1.0185632432 0.0102804178
1.0308350895 0.0088045467
1.0431069358 0.0069229797
1.0553787821 0.0050200383
1.0676506284 0.0034705443
1.0799224747 0.0020600252
1.0921943210 0.0010113108
1.1044661673 0.0003516185
1.1167380136 0.0001105556
1.1290098599 0.0002318757
1.1412817062 0.0006944882
1.1535535525 0.0013535667
1.1658253988 0.0021515796
1.1780972451 0.0030048728
1.1903690914 0.0038576203
1.2026409377 0.0045191085
1.2149127840 0.0049684138
1.2271846303 0.0052144203
1.2394564766 0.0052439023
1.2517283229 0.0050247567
1.2640001692 0.0045224816
1.2762720155 0.0039730063
1.2885438618 0.0032612868
1.3008157081 0.0025326866
1.3130875544 0.0017942606
1.3253594007 0.0011585997
1.3376312470 0.0006569802
1.3499030933 0.0002850868
1.3621749396 0.0000879429
1.3744467859 0.0000633939
1.3867186322 0.0001854989
1.3989904786 0.0004599983
1.4112623249 0.0008066588
1.4235341712 0.0011837980
1.4358060175 0.0015885937
1.4480778638 0.0019450956
1.4603497101 0.0022540079
1.4726215564 0.0024063288
1.4848934027 0.0024726004
1.4971652490 0.0024468837
1.5094370953 0.0023378150
1.5217089416 0.0020405566
1.5339807879 0.0017569755
1.5462526342 0.0014135098
1.5585244805 0.0010693278
1.5707963268 0.0007241735
1.5830681731 0.0004303109
1.5953400194 0.0002163299
1.6076118657 0.0000757071
1.6198837120 0.0000257093
1.6321555583 0.0000591841
1.6444274046 0.0001629504
1.6566992509 0.0003276991
1.6689710972 0.0005335702
1.6812429435 0.0007354373
1.6935147898 0.0009429912
1.7057866361 0.0011199058
1.7180584824 0.0012477387
1.7303303287 0.0013195799
1.7426021750 0.0013296766
1.7548740213 0.0012907578
1.7671458676 0.0011938997
1.7794177139 0.0010312383
1.7916895603 0.0008539783
1.8039614066 0.0006696148
1.8162332529 0.0004883024
1.8285050992 0.0003112424
1.8407769455 0.0001706126
1.8530487918 0.0000765531
1.8653206381 0.0000275976
1.8775924844 0.0000257022
1.8898643307 0.0000712638
1.9021361770 0.0001514717
1.9144080233 0.0002558614
1.9266798696 0.0003836740
1.9389517159 0.0004981406
1.9512235622 0.0006145682
1.9634954085 0.0007068867
1.9757672548 0.0007753654
1.9880391011 0.0007992417
2.0003109474 0.0007760624
2.0125827937 0.0007506274
2.0248546400 0.0006701659
2.0371264863 0.0005913824
2.0493983326 0.0004677545
2.0616701789 0.0003547777
2.0739420252 0.0002698150
2.0862138715 0.0001607401
2.0984857178 0.0001030045
2.1107575641 0.0000548577
2.1230294104 0.0000423907
2.1353012567 0.0000563692
2.1475731030 0.0000955669
2.1598449493 0.0001511030
2.1721167956 0.0002238716
2.1843886419 0.0002931806
2.1966604883 0.0003705771
2.2089323346 0.0004394489
2.2212041809 0.0004615319
2.2334760272 0.0005161603
2.2457478735 0.0005027746
2.2580197198 0.0004876093
2.2702915661 0.0004496223
2.2825634124 0.0003953570
2.2948352587 0.0003344551
2.3071071050 0.0002563817
2.3193789513 0.0001860116
2.3316507976 0.0001274737
2.3439226439 0.0000734778
2.3561944902 0.0000404090
2.3684663365 0.0000224268
2.3807381828 0.0000238018
2.3930100291 0.0000414331
2.4052818754 0.0000764888
2.4175537217 0.0001244248
2.4298255680 0.0001687051
2.4420974143 0.0002216567
2.4543692606 0.0002645100
2.4666411069 0.0003050090
2.4789129532 0.0003270299
2.4911847995 0.0003440324
2.5034566458 0.0003457638
2.5157284921 0.0003165419
2.5280003384 0.0002988485
2.5402721847 0.0002590535
2.5525440310 0.0002189362
2.5648158773 0.0001783820
2.5770877236 0.0001304413
2.5893595700 0.0001007027
2.6016314163 0.0000745498
2.6139032626 0.0000600386
2.6261751089 0.0000609508
2.6384469552 0.0000670289
2.6507188015 0.0000852146
2.6629906478 0.0001135445
2.6752624941 0.0001468851
2.6875343404 0.0001918581
2.6998061867 0.0002070795
2.7120780330 0.0002436199
2.7243498793 0.0002675663
2.7366217256 0.0002762168
2.7488935719 0.0002864376
2.7611654182 0.0002580413
2.7734372645 0.0002624079
2.7857091108 0.0002295839
2.7979809571 0.0001964812
2.8102528034 0.0001776125
2.8225246497 0.0001347596
2.8347964960 0.0001221889
2.8470683423 0.0000925138
2.8593401886 0.0000756419
2.8716120349 0.0000766621
2.8838838812 0.0000746043
2.8961557275 0.0000854641
2.9084275738 0.0000993250
2.9206994201 0.0001265403
2.9329712664 0.0001395174
2.9452431127 0.0001702466
2.9575149590 0.0001810927
2.9697868053 0.0002001489
2.9820586516 0.0002166548
2.9943304980 0.0002089564
3.0066023443 0.0002093569
3.0188741906 0.0001940165
3.0311460369 0.0001794694
3.0434178832 0.0001523767
3.0556897295 0.0001287393
3.0679615758 0.0001063854
3.0802334221 0.0000815132
3.0925052684 0.0000654524
3.1047771147 0.0000523861
3.1170489610 0.0000461087
3.1293208073 0.0000469057
