0.0122718463 2.8669449740
0.0245436926 12.7177965704
0.0368155389 17.6814118934
0.0490873852 26.8527429631
0.0613592315 29.3178079907
0.0736310778 30.4658380583
0.0859029241 28.1867094556
0.0981747704 20.4336134489
0.1104466167 20.5659441514
0.1227184630 20.3688488162
0.1349903093 18.7378442047
0.1472621556 16.5326856963
0.1595340019 15.0144471997
0.1718058482 11.3539762324
0.1840776945 9.5458088091
0.1963495408 8.7376463729
0.2086213872 6.9724311889
0.2208932335 5.2757987521
0.2331650798 4.1235257210
0.2454369261 3.1466073552
0.2577087724 2.1578153420
0.2699806187 1.6226173077
0.2822524650 1.1017207813
0.2945243113 0.6997290614
0.3067961576 0.4203972764
0.3190680039 0.2044328726
0.3313398502 0.0789851073
0.3436116965 0.0238511274
0.3558835428 0.0076762598
0.3681553891 0.0220123975
0.3804272354 0.0580138440
0.3926990817 0.1001187536
0.4049709280 0.1451252631
0.4172427743 0.1877315365
0.4295146206 0.2154571099
0.4417864669 0.2316740422
0.4540583132 0.2417254017
0.4663301595 0.2369144148
0.4786020058 0.2241484422
0.4908738521 0.2009425778
0.5031456984 0.1740856627
0.5154175447 0.1440487150
0.5276893910 0.1125448653
0.5399612373 0.0832104392
0.5522330836 0.0580483856
0.5645049299 0.0371323359
0.5767767762 0.0202971113
0.5890486225 0.0089399654
0.6013204689 0.0026982755
0.6135923152 0.0009359624
0.6258641615 0.0030199380
0.6381360078 0.0074619796
0.6504078541 0.0137701266
0.6626797004 0.0208931238
0.6749515467 0.0277908415
0.6872233930 0.0334026113
0.6994952393 0.0380638418
0.7117670856 0.0407795747
0.7240389319 0.0412169658
0.7363107782 0.0400660142
0.7485826245 0.0372795395
0.7608544708 0.0331440144
0.7731263171 0.0274583763
0.7853981634 0.0220843905
0.7976700097 0.0165869209
0.8099418560 0.0112855746
0.8222137023 0.0070896361
0.8344855486 0.0037157954
0.8467573949 0.0015379277
0.8590292412 0.0004489149
0.8713010875 0.0003205720
0.8835729338 0.0011006667
0.8958447801 0.0025727277
0.9081166264 0.0044697184
0.9203884727 0.0064281598
0.9326603190 0.0083910294
0.9449321653 0.0101362186
0.9572040116 0.0114629194
0.9694758579 0.0120830173
0.9817477042 0.0123470803
0.9940195505 0.0119429262
1.0062913969 0.0110213655
1.0185632432 0.0096851476
1.0308350895 0.0081988551
1.0431069358 0.0064484813
1.0553787821 0.0046727199
1.0676506284 0.0032378922
1.0799224747 0.0019175178
1.0921943210 0.0009505050
1.1044661673 0.0003417511
1.1167380136 0.0001140303
1.1290098599 0.0002272103
1.1412817062 0.0006546345
1.1535535525 0.0012722211
1.1658253988 0.0020286282
1.1780972451 0.0028118412
1.1903690914 0.0036008003
1.2026409377 0.0041948229
1.2149127840 0.0046565918
1.2271846303 0.0048739284
1.2394564766 0.0048713001
1.2517283229 0.0046517487
1.2640001692 0.0042598941
1.2762720155 0.0037377903
1.2885438618 0.0030476971
1.3008157081 0.0023722862
1.3130875544 0.0016919271
1.3253594007 0.0010905337
1.3376312470 0.0006183114
1.3499030933 0.0002687630
1.3621749396 0.0000879295
1.3744467859 0.0000644839
1.3867186322 0.0001793594
1.3989904786 0.0004313049
1.4112623249 0.0007493006
1.4235341712 0.0011069372
1.4358060175 0.0014837945
1.4480778638 0.0018070108
1.4603497101 0.0020926325
1.4726215564 0.0022638302
1.4848934027 0.0023255380
1.4971652490 0.0022904486
1.5094370953 0.0021782984
1.5217089416 0.0019118866
1.5339807879 0.0016454479
1.5462526342 0.0013120176
1.5585244805 0.0009909651
1.5707963268 0.0006766344
1.5830681731 0.0004018256
1.5953400194 0.0002038245
1.6076118657 0.0000730983
1.6198837120 0.0000263494
1.6321555583 0.0000571869
1.6444274046 0.0001540957
1.6566992509 0.0003043858
1.6689710972 0.0004971256
1.6812429435 0.0006869929
1.6935147898 0.0008733475
1.7057866361 0.0010391195
1.7180584824 0.0011750177
1.7303303287 0.0012394726
1.7426021750 0.0012435769
1.7548740213 0.0012126541
1.7671458676 0.0011181117
1.7794177139 0.0009613937
1.7916895603 0.0007991896
1.8039614066 0.0006238734
1.8162332529 0.0004561251
1.8285050992 0.0002928697
1.8407769455 0.0001612669
1.8530487918 0.0000732202
1.8653206381 0.0000274574
1.8775924844 0.0000253155
1.8898643307 0.0000675503
1.9021361770 0.0001426987
1.9144080233 0.0002405757
1.9266798696 0.0003587374
1.9389517159 0.0004677521
1.9512235622 0.0005769608
1.9634954085 0.0006618547
1.9757672548 0.0007315208
1.9880391011 0.0007521736
2.0003109474 0.0007331077
2.0125827937 0.0007114473
2.0248546400 0.0006321241
2.0371264863 0.0005584168
2.0493983326 0.0004404466
2.0616701789 0.0003326884
2.0739420252 0.0002542626
2.0862138715 0.0001519297
2.0984857178 0.0000983843
2.1107575641 0.0000524261
2.1230294104 0.0000409219
2.1353012567 0.0000540109
2.1475731030 0.0000907637
2.1598449493 0.0001416926
2.1721167956 0.0002092129
2.1843886419 0.0002742876
2.1966604883 0.0003444646
2.2089323346 0.0004086477
2.2212041809 0.0004316446
2.2334760272 0.0004809845
2.2457478735 0.0004689238
2.2580197198 0.0004563746
2.2702915661 0.0004207941
2.2825634124 0.0003706320
2.2948352587 0.0003123317
2.3071071050 0.0002387677
2.3193789513 0.0001732766
2.3316507976 0.0001189852
2.3439226439 0.0000684658
2.3561944902 0.0000381338
2.3684663365 0.0000217109
2.3807381828 0.0000229524
2.3930100291 0.0000395520
2.4052818754 0.0000724810
2.4175537217 0.0001173379
2.4298255680 0.0001585297
2.4420974143 0.0002071780
2.4543692606 0.0002485638
2.4666411069 0.0002870353
2.4789129532 0.0003067980
2.4911847995 0.0003240341
2.5034566458 0.0003252967
2.5157284921 0.0002981958
2.5280003384 0.0002811891
2.5402721847 0.0002454044
2.5525440310 0.0002067639
2.5648158773 0.0001682868
2.5770877236 0.0001240409
2.5893595700 0.0000951345
2.6016314163 0.0000705656
2.6139032626 0.0000567256
2.6261751089 0.0000574693
2.6384469552 0.0000638191
2.6507188015 0.0000811161
2.6629906478 0.0001075349
2.6752624941 0.0001384526
2.6875343404 0.0001799771
2.6998061867 0.0001933787
2.7120780330 0.0002263712
2.7243498793 0.0002499612
2.7366217256 0.0002580460
2.7488935719 0.0002684313
2.7611654182 0.0002428227
2.7734372645 0.0002464909
2.7857091108 0.0002163062
2.7979809571 0.0001840616
2.8102528034 0.0001650223
2.8225246497 0.0001247618
2.8347964960 0.0001131463
2.8470683423 0.0000863013
2.8593401886 0.0000704339
2.8716120349 0.0000720428
2.8838838812 0.0000704127
2.8961557275 0.0000810791
2.9084275738 0.0000939156
2.9206994201 0.0001189089
2.9329712664 0.0001320556
2.9452431127 0.0001596813
2.9575149590 0.0001698748
2.9697868053 0.0001875845
2.9820586516 0.0002022354
2.9943304980 0.0001937790
3.0066023443 0.0001941167
3.0188741906 0.0001794301
3.0311460369 0.0001659674
3.0434178832 0.0001413021
3.0556897295 0.0001197730
3.0679615758 0.0000993737
3.0802334221 0.0000765029
3.0925052684 0.0000613814
3.1047771147 0.0000494398
3.1170489610 0.0000433517
3.1293208073 0.0000443470
