0.0122718463 0.0549754572
0.0245436926 0.1633269633
0.0368155389 0.2829403421
0.0490873852 0.4504040064
0.0613592315 0.6693755458
0.0736310778 0.8870018110
0.0859029241 1.1220877300
0.0981747704 1.2985667902
0.1104466167 1.4986974908
0.1227184630 1.6730068036
0.1349903093 1.7411037067
0.1472621556 1.8123327070
0.1595340019 1.8439637001
0.1718058482 1.7881961427
0.1840776945 1.7043711601
0.1963495408 1.5970123993
0.2086213872 1.4565671590
0.2208932335 1.2785349735
0.2331650798 1.0918124366
0.2454369261 0.9124210938
0.2577087724 0.7156257920
0.2699806187 0.5558392234
0.2822524650 0.4048957675
0.2945243113 0.2710850209
0.3067961576 0.1690383616
0.3190680039 0.0863621708
0.3313398502 0.0364892437
0.3436116965 0.0108453766
0.3558835428 0.0037862228
0.3681553891 0.0125499329
0.3804272354 0.0338691650
0.3926990817 0.0613690576
0.4049709280 0.0911789059
0.4172427743 0.1195307841
0.4295146206 0.1430675528
0.4417864669 0.1601243502
0.4540583132 0.1681373665
0.4663301595 0.1728589761
0.4786020058 0.1647020046
0.4908738521 0.1548206343
0.5031456984 0.1353295810
0.5154175447 0.1156428057
0.5276893910 0.0921884106
0.5399612373 0.0688409662
0.5522330836 0.0489198542
0.5645049299 0.0312680478
0.5767767762 0.0174218127
0.5890486225 0.0076549923
0.6013204689 0.0022835737
0.6135923152 0.0008034655
0.6258641615 0.0027599710
0.6381360078 0.0071147854
0.6504078541 0.0132180455
0.6626797004 0.0196458324
0.6749515467 0.0265863952
0.6872233930 0.0325413164
0.6994952393 0.0361538863
0.7117670856 0.0393730065
0.7240389319 0.0400818568
0.7363107782 0.0389390532
0.7485826245 0.0359192414
0.7608544708 0.0322504665
0.7731263171 0.0273262657
0.7853981634 0.0218559249
0.7976700097 0.0165799405
0.8099418560 0.0114347229
0.8222137023 0.0071496915
0.8344855486 0.0037337398
0.8467573949 0.0015393403
0.8590292412 0.0004418409
0.8713010875 0.0003173776
0.8835729338 0.0011198724
0.8958447801 0.0026080484
0.9081166264 0.0045421400
0.9203884727 0.0065949083
0.9326603190 0.0085508367
0.9449321653 0.0103997110
0.9572040116 0.0116919082
0.9694758579 0.0124416399
0.9817477042 0.0126534752
0.9940195505 0.0123106319
1.0062913969 0.0113019777
1.0185632432 0.0099934698
1.0308350895 0.0084446664
1.0431069358 0.0066177276
1.0553787821 0.0048123918
1.0676506284 0.0033381005
1.0799224747 0.0019747712
1.0921943210 0.0009779027
1.1044661673 0.0003498775
1.1167380136 0.0001150053
1.1290098599 0.0002337867
1.1412817062 0.0006811371
1.1535535525 0.0013121541
1.1658253988 0.0020940568
1.1780972451 0.0029114311
1.1903690914 0.0037422355
1.2026409377 0.0044008600
1.2149127840 0.0048595365
1.2271846303 0.0051272792
1.2394564766 0.0051310355
1.2517283229 0.0049068267
1.2640001692 0.0044693411
1.2762720155 0.0039049242
1.2885438618 0.0032052398
1.3008157081 0.0024872954
1.3130875544 0.0017677023
1.3253594007 0.0011488752
1.3376312470 0.0006495740
1.3499030933 0.0002827065
1.3621749396 0.0000899238
1.3744467859 0.0000653234
1.3867186322 0.0001845575
1.3989904786 0.0004508636
1.4112623249 0.0007908412
1.4235341712 0.0011692732
1.4358060175 0.0015691452
1.4480778638 0.0019169982
1.4603497101 0.0022067493
1.4726215564 0.0023741319
1.4848934027 0.0024311819
1.4971652490 0.0023881024
1.5094370953 0.0022786138
1.5217089416 0.0020022817
1.5339807879 0.0017308866
1.5462526342 0.0013847103
1.5585244805 0.0010450422
1.5707963268 0.0007124693
1.5830681731 0.0004220211
1.5953400194 0.0002118040
1.6076118657 0.0000753346
1.6198837120 0.0000267751
1.6321555583 0.0000591372
1.6444274046 0.0001601405
1.6566992509 0.0003215281
1.6689710972 0.0005241328
1.6812429435 0.0007242615
1.6935147898 0.0009228206
1.7057866361 0.0010935215
1.7180584824 0.0012239261
1.7303303287 0.0012979670
1.7426021750 0.0012991770
1.7548740213 0.0012663012
1.7671458676 0.0011762372
1.7794177139 0.0010104216
1.7916895603 0.0008353659
1.8039614066 0.0006521352
1.8162332529 0.0004764723
1.8285050992 0.0003038108
1.8407769455 0.0001666837
1.8530487918 0.0000755986
1.8653206381 0.0000280268
1.8775924844 0.0000258691
1.8898643307 0.0000700562
1.9021361770 0.0001481643
1.9144080233 0.0002497974
1.9266798696 0.0003737707
1.9389517159 0.0004860485
1.9512235622 0.0005995842
1.9634954085 0.0006916020
1.9757672548 0.0007608121
1.9880391011 0.0007819447
2.0003109474 0.0007625307
2.0125827937 0.0007379318
2.0248546400 0.0006570315
2.0371264863 0.0005779906
2.0493983326 0.0004589251
2.0616701789 0.0003472967
2.0739420252 0.0002655257
2.0862138715 0.0001577055
2.0984857178 0.0001013959
2.1107575641 0.0000539056
2.1230294104 0.0000415462
2.1353012567 0.0000556360
2.1475731030 0.0000930896
2.1598449493 0.0001457062
2.1721167956 0.0002165723
2.1843886419 0.0002831943
2.1966604883 0.0003559906
2.2089323346 0.0004232226
2.2212041809 0.0004455279
2.2334760272 0.0004949693
2.2457478735 0.0004815434
2.2580197198 0.0004664902
2.2702915661 0.0004307557
2.2825634124 0.0003801053
2.2948352587 0.0003195122
2.3071071050 0.0002443079
2.3193789513 0.0001787526
2.3316507976 0.0001217545
2.3439226439 0.0000699705
2.3561944902 0.0000388053
2.3684663365 0.0000218881
2.3807381828 0.0000234847
2.3930100291 0.0000405635
2.4052818754 0.0000743363
2.4175537217 0.0001204419
2.4298255680 0.0001630848
2.4420974143 0.0002132229
2.4543692606 0.0002534260
2.4666411069 0.0002919224
2.4789129532 0.0003131800
2.4911847995 0.0003306887
2.5034566458 0.0003320094
2.5157284921 0.0003049111
2.5280003384 0.0002888639
2.5402721847 0.0002512494
2.5525440310 0.0002108533
2.5648158773 0.0001722628
2.5770877236 0.0001266083
2.5893595700 0.0000969331
2.6016314163 0.0000720737
2.6139032626 0.0000585513
2.6261751089 0.0000592141
2.6384469552 0.0000653561
2.6507188015 0.0000834526
2.6629906478 0.0001110995
2.6752624941 0.0001438533
2.6875343404 0.0001860998
2.6998061867 0.0002008632
2.7120780330 0.0002362150
2.7243498793 0.0002592423
2.7366217256 0.0002680139
2.7488935719 0.0002783372
2.7611654182 0.0002512964
2.7734372645 0.0002555031
2.7857091108 0.0002245715
2.7979809571 0.0001919058
2.8102528034 0.0001723713
2.8225246497 0.0001311069
2.8347964960 0.0001185996
2.8470683423 0.0000902308
2.8593401886 0.0000736369
2.8716120349 0.0000750277
2.8838838812 0.0000733191
2.8961557275 0.0000839524
2.9084275738 0.0000982966
2.9206994201 0.0001255254
2.9329712664 0.0001370142
2.9452431127 0.0001678216
2.9575149590 0.0001783682
2.9697868053 0.0001962295
2.9820586516 0.0002115761
2.9943304980 0.0002034391
3.0066023443 0.0002037934
3.0188741906 0.0001886870
3.0311460369 0.0001745079
3.0434178832 0.0001482569
3.0556897295 0.0001250259
3.0679615758 0.0001038279
3.0802334221 0.0000796740
3.0925052684 0.0000640510
3.1047771147 0.0000517633
3.1170489610 0.0000457065
3.1293208073 0.0000464452
