0.0122718463 1.1143906897
0.0245436926 9.4102014698
0.0368155389 13.7363485638
0.0490873852 20.3278694649
0.0613592315 23.5583215185
0.0736310778 25.2111164213
0.0859029241 30.5584100003
0.0981747704 20.0030429873
0.1104466167 19.7334018225
0.1227184630 19.3962229789
0.1349903093 16.9033045416
0.1472621556 13.9542894283
0.1595340019 14.5997594672
0.1718058482 10.9920061969
0.1840776945 9.8725253129
0.1963495408 8.4821496194
0.2086213872 6.9506095318
0.2208932335 5.0690342682
0.2331650798 4.2855112060
0.2454369261 3.5405874292
0.2577087724 2.4978238262
0.2699806187 1.8911591575
0.2822524650 1.3154979899
0.2945243113 0.8375389686
0.3067961576 0.4627660776
0.3190680039 0.2194770042
0.3313398502 0.0833326010
0.3436116965 0.0232510501
0.3558835428 0.0072540836
0.3681553891 0.0234704969
0.3804272354 0.0599274291
0.3926990817 0.1080287606
0.4049709280 0.1564797028
0.4172427743 0.2001681447
0.4295146206 0.2311563349
0.4417864669 0.2454015420
0.4540583132 0.2569631931
0.4663301595 0.2571740540
0.4786020058 0.2286477014
0.4908738521 0.2076573827
0.5031456984 0.1850002419
0.5154175447 0.1488900008
0.5276893910 0.1128036842
0.5399612373 0.0872997531
0.5522330836 0.0597483755
0.5645049299 0.0370144322
0.5767767762 0.0210513808
0.5890486225 0.0092317434
0.6013204689 0.0026631963
0.6135923152 0.0009052121
0.6258641615 0.0031316103
0.6381360078 0.0079997781
0.6504078541 0.0148080577
0.6626797004 0.0220682858
0.6749515467 0.0294905064
0.6872233930 0.0354789871
0.6994952393 0.0401961866
0.7117670856 0.0441909044
0.7240389319 0.0440078268
0.7363107782 0.0426732152
0.7485826245 0.0392201311
0.7608544708 0.0347839543
0.7731263171 0.0289013018
0.7853981634 0.0232433481
0.7976700097 0.0175938779
0.8099418560 0.0121780265
0.8222137023 0.0075857811
0.8344855486 0.0039596860
0.8467573949 0.0016263951
0.8590292412 0.0004525288
0.8713010875 0.0003152134
0.8835729338 0.0011388262
0.8958447801 0.0026790432
0.9081166264 0.0047149531
0.9203884727 0.0068345969
0.9326603190 0.0088654517
0.9449321653 0.0108431219
0.9572040116 0.0121463514
0.9694758579 0.0128377161
0.9817477042 0.0130523776
0.9940195505 0.0126159900
1.0062913969 0.0116128481
1.0185632432 0.0101772729
1.0308350895 0.0086424786
1.0431069358 0.0067681587
1.0553787821 0.0049800075
1.0676506284 0.0034245336
1.0799224747 0.0020222903
1.0921943210 0.0009946606
1.1044661673 0.0003449221
1.1167380136 0.0001090940
1.1290098599 0.0002316643
1.1412817062 0.0006893366
1.1535535525 0.0013340763
1.1658253988 0.0021393271
1.1780972451 0.0029570184
1.1903690914 0.0037738492
1.2026409377 0.0044530850
1.2149127840 0.0049041894
1.2271846303 0.0051150912
1.2394564766 0.0051523000
1.2517283229 0.0049387981
1.2640001692 0.0044816153
1.2762720155 0.0039474610
1.2885438618 0.0032453318
1.3008157081 0.0025236051
1.3130875544 0.0017852719
1.3253594007 0.0011525047
1.3376312470 0.0006491920
1.3499030933 0.0002814973
1.3621749396 0.0000880738
1.3744467859 0.0000632259
1.3867186322 0.0001834194
1.3989904786 0.0004506616
1.4112623249 0.0007936701
1.4235341712 0.0011722961
1.4358060175 0.0015780626
1.4480778638 0.0019250506
1.4603497101 0.0022062955
1.4726215564 0.0023912210
1.4848934027 0.0024509865
1.4971652490 0.0024176390
1.5094370953 0.0023009945
1.5217089416 0.0020232180
1.5339807879 0.0017448373
1.5462526342 0.0013914116
1.5585244805 0.0010479789
1.5707963268 0.0007156022
1.5830681731 0.0004254656
1.5953400194 0.0002138101
1.6076118657 0.0000754806
1.6198837120 0.0000259023
1.6321555583 0.0000581533
1.6444274046 0.0001607888
1.6566992509 0.0003245909
1.6689710972 0.0005285452
1.6812429435 0.0007305690
1.6935147898 0.0009326725
1.7057866361 0.0011090646
1.7180584824 0.0012422025
1.7303303287 0.0013049378
1.7426021750 0.0013178701
1.7548740213 0.0012806154
1.7671458676 0.0011762454
1.7794177139 0.0010196812
1.7916895603 0.0008458515
1.8039614066 0.0006566599
1.8162332529 0.0004803069
1.8285050992 0.0003066266
1.8407769455 0.0001681454
1.8530487918 0.0000754732
1.8653206381 0.0000275734
1.8775924844 0.0000254366
1.8898643307 0.0000698876
1.9021361770 0.0001494901
1.9144080233 0.0002529520
1.9266798696 0.0003790015
1.9389517159 0.0004930330
1.9512235622 0.0006088008
1.9634954085 0.0006989037
1.9757672548 0.0007668280
1.9880391011 0.0007935653
2.0003109474 0.0007742561
2.0125827937 0.0007508430
2.0248546400 0.0006673931
2.0371264863 0.0005910658
2.0493983326 0.0004684208
2.0616701789 0.0003534428
2.0739420252 0.0002691170
2.0862138715 0.0001605877
2.0984857178 0.0001033884
2.1107575641 0.0000542805
2.1230294104 0.0000422214
2.1353012567 0.0000558987
2.1475731030 0.0000944427
2.1598449493 0.0001488338
2.1721167956 0.0002217933
2.1843886419 0.0002912946
2.1966604883 0.0003665350
2.2089323346 0.0004349542
2.2212041809 0.0004607030
2.2334760272 0.0005097314
2.2457478735 0.0004951209
2.2580197198 0.0004802600
2.2702915661 0.0004432015
2.2825634124 0.0003902084
2.2948352587 0.0003286443
2.3071071050 0.0002522629
2.3193789513 0.0001845342
2.3316507976 0.0001271411
2.3439226439 0.0000729115
2.3561944902 0.0000405785
2.3684663365 0.0000227516
2.3807381828 0.0000241112
2.3930100291 0.0000417696
2.4052818754 0.0000767063
2.4175537217 0.0001243938
2.4298255680 0.0001681041
2.4420974143 0.0002198697
2.4543692606 0.0002625316
2.4666411069 0.0003026697
2.4789129532 0.0003245219
2.4911847995 0.0003429160
2.5034566458 0.0003444224
2.5157284921 0.0003153213
2.5280003384 0.0002992923
2.5402721847 0.0002600632
2.5525440310 0.0002183463
2.5648158773 0.0001781712
2.5770877236 0.0001309737
2.5893595700 0.0001003108
2.6016314163 0.0000739378
2.6139032626 0.0000597134
2.6261751089 0.0000610048
2.6384469552 0.0000667530
2.6507188015 0.0000847336
2.6629906478 0.0001133280
2.6752624941 0.0001452584
2.6875343404 0.0001894596
2.6998061867 0.0002051103
2.7120780330 0.0002401105
2.7243498793 0.0002636115
2.7366217256 0.0002738300
2.7488935719 0.0002833373
2.7611654182 0.0002554386
2.7734372645 0.0002590928
2.7857091108 0.0002267758
2.7979809571 0.0001938156
2.8102528034 0.0001732785
2.8225246497 0.0001317433
2.8347964960 0.0001185929
2.8470683423 0.0000902007
2.8593401886 0.0000736843
2.8716120349 0.0000751787
2.8838838812 0.0000736623
2.8961557275 0.0000845021
2.9084275738 0.0000990428
2.9206994201 0.0001265761
2.9329712664 0.0001390960
2.9452431127 0.0001690243
2.9575149590 0.0001803972
2.9697868053 0.0001989084
2.9820586516 0.0002138549
2.9943304980 0.0002056305
3.0066023443 0.0002061443
3.0188741906 0.0001900665
3.0311460369 0.0001752082
3.0434178832 0.0001490632
3.0556897295 0.0001254455
3.0679615758 0.0001037761
3.0802334221 0.0000802317
3.0925052684 0.0000648409
3.1047771147 0.0000520680
3.1170489610 0.0000459320
3.1293208073 0.0000467578
