0.0122718463 0.1394083955
0.0245436926 0.4011013802
0.0368155389 0.6469812511
0.0490873852 1.0292770914
0.0613592315 1.5021134301
0.0736310778 1.9953431460
0.0859029241 2.5052763508
0.0981747704 2.8643107708
0.1104466167 3.4064141946
0.1227184630 3.7259406536
0.1349903093 3.8001435879
0.1472621556 3.9037406306
0.1595340019 3.9972041548
0.1718058482 3.5398692467
0.1840776945 3.4179259124
0.1963495408 3.2000662162
0.2086213872 2.8079599791
0.2208932335 2.4902815174
0.2331650798 2.1226654284
0.2454369261 1.7408293308
0.2577087724 1.3179008832
0.2699806187 1.0297661779
0.2822524650 0.7076878002
0.2945243113 0.4573123195
0.3067961576 0.2832116465
0.3190680039 0.1423219210
0.3313398502 0.0582395187
0.3436116965 0.0176094137
0.3558835428 0.0066414803
0.3681553891 0.0196043006
0.3804272354 0.0513962878
0.3926990817 0.0869909311
0.4049709280 0.1294486157
0.4172427743 0.1643089874
0.4295146206 0.1923860583
0.4417864669 0.2106351870
0.4540583132 0.2221540592
0.4663301595 0.2309746728
0.4786020058 0.2104901961
0.4908738521 0.1957803917
0.5031456984 0.1699046703
0.5154175447 0.1402705996
0.5276893910 0.1108062431
0.5399612373 0.0814402388
0.5522330836 0.0565480665
0.5645049299 0.0363610547
0.5767767762 0.0200173558
0.5890486225 0.0089708830
0.6013204689 0.0027006645
0.6135923152 0.0009649025
0.6258641615 0.0030808073
0.6381360078 0.0077414194
0.6504078541 0.0142640559
0.6626797004 0.0212103950
0.6749515467 0.0288739939
0.6872233930 0.0346896018
0.6994952393 0.0386641344
0.7117670856 0.0423431653
0.7240389319 0.0429428038
0.7363107782 0.0407780827
0.7485826245 0.0380197229
0.7608544708 0.0340048789
0.7731263171 0.0283516254
0.7853981634 0.0224951616
0.7976700097 0.0172332560
0.8099418560 0.0118864328
0.8222137023 0.0073596312
0.8344855486 0.0038769985
0.8467573949 0.0016088056
0.8590292412 0.0004654958
0.8713010875 0.0003287377
0.8835729338 0.0011398731
0.8958447801 0.0026362156
0.9081166264 0.0045806122
0.9203884727 0.0066851825
0.9326603190 0.0086790377
0.9449321653 0.0105159330
0.9572040116 0.0118644185
0.9694758579 0.0125599742
0.9817477042 0.0126960550
0.9940195505 0.0124148391
1.0062913969 0.0113225011
1.0185632432 0.0099423136
1.0308350895 0.0084574410
1.0431069358 0.0065989643
1.0553787821 0.0047915134
1.0676506284 0.0033289176
1.0799224747 0.0019751513
1.0921943210 0.0009694252
1.1044661673 0.0003494523
1.1167380136 0.0001144329
1.1290098599 0.0002310142
1.1412817062 0.0006744973
1.1535535525 0.0013067922
1.1658253988 0.0020807223
1.1780972451 0.0029066721
1.1903690914 0.0037318259
1.2026409377 0.0043518523
1.2149127840 0.0048430266
1.2271846303 0.0051005887
1.2394564766 0.0050820252
1.2517283229 0.0048533684
1.2640001692 0.0044645889
1.2762720155 0.0038950645
1.2885438618 0.0031871529
1.3008157081 0.0024980869
1.3130875544 0.0017633487
1.3253594007 0.0011424657
1.3376312470 0.0006488795
1.3499030933 0.0002808283
1.3621749396 0.0000883338
1.3744467859 0.0000642628
1.3867186322 0.0001837010
1.3989904786 0.0004486053
1.4112623249 0.0007870783
1.4235341712 0.0011653435
1.4358060175 0.0015525463
1.4480778638 0.0019038453
1.4603497101 0.0021876278
1.4726215564 0.0023465766
1.4848934027 0.0024094208
1.4971652490 0.0023704593
1.5094370953 0.0022544753
1.5217089416 0.0019818698
1.5339807879 0.0017139762
1.5462526342 0.0013659167
1.5585244805 0.0010266723
1.5707963268 0.0007035744
1.5830681731 0.0004162905
1.5953400194 0.0002089315
1.6076118657 0.0000740858
1.6198837120 0.0000265388
1.6321555583 0.0000582169
1.6444274046 0.0001574894
1.6566992509 0.0003172561
1.6689710972 0.0005158296
1.6812429435 0.0007129820
1.6935147898 0.0009095736
1.7057866361 0.0010827217
1.7180584824 0.0012077931
1.7303303287 0.0012823053
1.7426021750 0.0012936298
1.7548740213 0.0012537100
1.7671458676 0.0011677691
1.7794177139 0.0010039513
1.7916895603 0.0008301039
1.8039614066 0.0006495915
1.8162332529 0.0004747728
1.8285050992 0.0003028675
1.8407769455 0.0001666076
1.8530487918 0.0000756115
1.8653206381 0.0000280622
1.8775924844 0.0000258978
1.8898643307 0.0000698556
1.9021361770 0.0001476968
1.9144080233 0.0002494013
1.9266798696 0.0003743469
1.9389517159 0.0004855833
1.9512235622 0.0006012787
1.9634954085 0.0006923040
1.9757672548 0.0007639456
1.9880391011 0.0007870830
2.0003109474 0.0007618397
2.0125827937 0.0007414846
2.0248546400 0.0006591056
2.0371264863 0.0005812744
2.0493983326 0.0004579232
2.0616701789 0.0003478156
2.0739420252 0.0002664388
2.0862138715 0.0001571082
2.0984857178 0.0001016572
2.1107575641 0.0000542605
2.1230294104 0.0000416125
2.1353012567 0.0000556928
2.1475731030 0.0000937652
2.1598449493 0.0001469994
2.1721167956 0.0002175579
2.1843886419 0.0002844730
2.1966604883 0.0003586944
2.2089323346 0.0004255015
2.2212041809 0.0004485358
2.2334760272 0.0004966457
2.2457478735 0.0004831614
2.2580197198 0.0004707499
2.2702915661 0.0004333276
2.2825634124 0.0003819151
2.2948352587 0.0003225476
2.3071071050 0.0002474453
2.3193789513 0.0001803828
2.3316507976 0.0001235271
2.3439226439 0.0000710551
2.3561944902 0.0000393893
2.3684663365 0.0000220345
2.3807381828 0.0000234184
2.3930100291 0.0000404264
2.4052818754 0.0000742869
2.4175537217 0.0001204140
2.4298255680 0.0001634256
2.4420974143 0.0002138517
2.4543692606 0.0002546030
2.4666411069 0.0002946602
2.4789129532 0.0003156096
2.4911847995 0.0003321997
2.5034566458 0.0003338557
2.5157284921 0.0003062468
2.5280003384 0.0002895222
2.5402721847 0.0002515633
2.5525440310 0.0002128341
2.5648158773 0.0001734136
2.5770877236 0.0001270512
2.5893595700 0.0000975693
2.6016314163 0.0000725308
2.6139032626 0.0000584833
2.6261751089 0.0000592641
2.6384469552 0.0000654043
2.6507188015 0.0000834097
2.6629906478 0.0001108577
2.6752624941 0.0001433739
2.6875343404 0.0001856738
2.6998061867 0.0002007754
2.7120780330 0.0002357512
2.7243498793 0.0002588357
2.7366217256 0.0002676870
2.7488935719 0.0002784261
2.7611654182 0.0002516818
2.7734372645 0.0002540188
2.7857091108 0.0002242959
2.7979809571 0.0001912477
2.8102528034 0.0001718432
2.8225246497 0.0001307105
2.8347964960 0.0001183952
2.8470683423 0.0000898407
2.8593401886 0.0000731956
2.8716120349 0.0000751755
2.8838838812 0.0000729436
2.8961557275 0.0000838500
2.9084275738 0.0000986982
2.9206994201 0.0001255191
2.9329712664 0.0001379566
2.9452431127 0.0001687759
2.9575149590 0.0001796725
2.9697868053 0.0001973733
2.9820586516 0.0002131097
2.9943304980 0.0002041756
3.0066023443 0.0002044804
3.0188741906 0.0001888607
3.0311460369 0.0001754311
3.0434178832 0.0001484727
3.0556897295 0.0001255959
3.0679615758 0.0001037195
3.0802334221 0.0000798014
3.0925052684 0.0000638169
3.1047771147 0.0000511626
3.1170489610 0.0000450783
3.1293208073 0.0000456268
