0.0122718463 0.4701976655
0.0245436926 1.6925751799
0.0368155389 1.9957506419
0.0490873852 3.7567340016
0.0613592315 6.0522360108
0.0736310778 6.3511619744
0.0859029241 7.8412668641
0.0981747704 8.3760648140
0.1104466167 10.2060224768
0.1227184630 10.7441193495
0.1349903093 9.6710757726
0.1472621556 11.0066834385
0.1595340019 10.2026688035
0.1718058482 8.5286024487
0.1840776945 7.6810309493
0.1963495408 6.9234282840
0.2086213872 6.0707686212
0.2208932335 4.5975160380
0.2331650798 3.8234454381
0.2454369261 3.1237018361
0.2577087724 2.1298791961
0.2699806187 1.5968634518
0.2822524650 1.0505321887
0.2945243113 0.7005482603
0.3067961576 0.3976704519
0.3190680039 0.1956543815
0.3313398502 0.0787467716
0.3436116965 0.0224717032
0.3558835428 0.0068229076
0.3681553891 0.0226001670
0.3804272354 0.0598858436
0.3926990817 0.1022027348
0.4049709280 0.1517461225
0.4172427743 0.1907583296
0.4295146206 0.2251081663
0.4417864669 0.2425883329
0.4540583132 0.2507925119
0.4663301595 0.2519772550
0.4786020058 0.2360915958
0.4908738521 0.2133602363
0.5031456984 0.1873235748
0.5154175447 0.1573880843
0.5276893910 0.1219247979
0.5399612373 0.0895951409
0.5522330836 0.0623551382
0.5645049299 0.0399431234
0.5767767762 0.0216998543
0.5890486225 0.0094990897
0.6013204689 0.0027497421
0.6135923152 0.0009192443
0.6258641615 0.0031710909
0.6381360078 0.0080999930
0.6504078541 0.0149704929
0.6626797004 0.0220580786
0.6749515467 0.0293959462
0.6872233930 0.0349347445
0.6994952393 0.0389743146
0.7117670856 0.0422895032
0.7240389319 0.0422044856
0.7363107782 0.0403501632
0.7485826245 0.0375037608
0.7608544708 0.0335791687
0.7731263171 0.0278667314
0.7853981634 0.0225093558
0.7976700097 0.0171229307
0.8099418560 0.0117179519
0.8222137023 0.0072887881
0.8344855486 0.0038721271
0.8467573949 0.0016053763
0.8590292412 0.0004551112
0.8713010875 0.0003265914
0.8835729338 0.0011583165
0.8958447801 0.0026678326
0.9081166264 0.0046688835
0.9203884727 0.0068404620
0.9326603190 0.0088549009
0.9449321653 0.0107078670
0.9572040116 0.0120879961
0.9694758579 0.0128166687
0.9817477042 0.0129054722
0.9940195505 0.0125829287
1.0062913969 0.0115552280
1.0185632432 0.0101552612
1.0308350895 0.0086198518
1.0431069358 0.0067501097
1.0553787821 0.0049331621
1.0676506284 0.0034048884
1.0799224747 0.0020179271
1.0921943210 0.0009964119
1.1044661673 0.0003537632
1.1167380136 0.0001152671
1.1290098599 0.0002368290
1.1412817062 0.0006957120
1.1535535525 0.0013446485
1.1658253988 0.0021412780
1.1780972451 0.0030037955
1.1903690914 0.0038223424
1.2026409377 0.0044814695
1.2149127840 0.0049608284
1.2271846303 0.0052257243
1.2394564766 0.0052117294
1.2517283229 0.0050025669
1.2640001692 0.0045630917
1.2762720155 0.0039784319
1.2885438618 0.0032568336
1.3008157081 0.0025404765
1.3130875544 0.0017958847
1.3253594007 0.0011629229
1.3376312470 0.0006576935
1.3499030933 0.0002855721
1.3621749396 0.0000897246
1.3744467859 0.0000636095
1.3867186322 0.0001832129
1.3989904786 0.0004482042
1.4112623249 0.0007869384
1.4235341712 0.0011653400
1.4358060175 0.0015554714
1.4480778638 0.0019051139
1.4603497101 0.0021883926
1.4726215564 0.0023408659
1.4848934027 0.0024078036
1.4971652490 0.0023681080
1.5094370953 0.0022509419
1.5217089416 0.0019830734
1.5339807879 0.0017198608
1.5462526342 0.0013732184
1.5585244805 0.0010338766
1.5707963268 0.0007072882
1.5830681731 0.0004204883
1.5953400194 0.0002109851
1.6076118657 0.0000742978
1.6198837120 0.0000262673
1.6321555583 0.0000584278
1.6444274046 0.0001591798
1.6566992509 0.0003207667
1.6689710972 0.0005236174
1.6812429435 0.0007224499
1.6935147898 0.0009230217
1.7057866361 0.0010932063
1.7180584824 0.0012263831
1.7303303287 0.0012965033
1.7426021750 0.0013062279
1.7548740213 0.0012699414
1.7671458676 0.0011769230
1.7794177139 0.0010135028
1.7916895603 0.0008374950
1.8039614066 0.0006565616
1.8162332529 0.0004791006
1.8285050992 0.0003044682
1.8407769455 0.0001678787
1.8530487918 0.0000759923
1.8653206381 0.0000278527
1.8775924844 0.0000257158
1.8898643307 0.0000702297
1.9021361770 0.0001483919
1.9144080233 0.0002496236
1.9266798696 0.0003764706
1.9389517159 0.0004900698
1.9512235622 0.0006043331
1.9634954085 0.0006965286
1.9757672548 0.0007676756
1.9880391011 0.0007903447
2.0003109474 0.0007688875
2.0125827937 0.0007484903
2.0248546400 0.0006659998
2.0371264863 0.0005860298
2.0493983326 0.0004660574
2.0616701789 0.0003534595
2.0739420252 0.0002690125
2.0862138715 0.0001599262
2.0984857178 0.0001034606
2.1107575641 0.0000547462
2.1230294104 0.0000419920
2.1353012567 0.0000562972
2.1475731030 0.0000948032
2.1598449493 0.0001486200
2.1721167956 0.0002214163
2.1843886419 0.0002908842
2.1966604883 0.0003656400
2.2089323346 0.0004339039
2.2212041809 0.0004590994
2.2334760272 0.0005082742
2.2457478735 0.0004926988
2.2580197198 0.0004799243
2.2702915661 0.0004443581
2.2825634124 0.0003900605
2.2948352587 0.0003288041
2.3071071050 0.0002531072
2.3193789513 0.0001837234
2.3316507976 0.0001250148
2.3439226439 0.0000719986
2.3561944902 0.0000398131
2.3684663365 0.0000221788
2.3807381828 0.0000237321
2.3930100291 0.0000413576
2.4052818754 0.0000758084
2.4175537217 0.0001229620
2.4298255680 0.0001676394
2.4420974143 0.0002195931
2.4543692606 0.0002609214
2.4666411069 0.0003016693
2.4789129532 0.0003246596
2.4911847995 0.0003418513
2.5034566458 0.0003436021
2.5157284921 0.0003157680
2.5280003384 0.0002974495
2.5402721847 0.0002587428
2.5525440310 0.0002194509
2.5648158773 0.0001783508
2.5770877236 0.0001300359
2.5893595700 0.0001003511
2.6016314163 0.0000744414
2.6139032626 0.0000596642
2.6261751089 0.0000605231
2.6384469552 0.0000668740
2.6507188015 0.0000851046
2.6629906478 0.0001127225
2.6752624941 0.0001452493
2.6875343404 0.0001885668
2.6998061867 0.0002036642
2.7120780330 0.0002387927
2.7243498793 0.0002608121
2.7366217256 0.0002716354
2.7488935719 0.0002818915
2.7611654182 0.0002530686
2.7734372645 0.0002566140
2.7857091108 0.0002266291
2.7979809571 0.0001926780
2.8102528034 0.0001724769
2.8225246497 0.0001313199
2.8347964960 0.0001194098
2.8470683423 0.0000902030
2.8593401886 0.0000736692
2.8716120349 0.0000757713
2.8838838812 0.0000735750
2.8961557275 0.0000843593
2.9084275738 0.0000986883
2.9206994201 0.0001258092
2.9329712664 0.0001377465
2.9452431127 0.0001686333
2.9575149590 0.0001794903
2.9697868053 0.0001977985
2.9820586516 0.0002136668
2.9943304980 0.0002063676
3.0066023443 0.0002058171
3.0188741906 0.0001901212
3.0311460369 0.0001755628
3.0434178832 0.0001487471
3.0556897295 0.0001252336
3.0679615758 0.0001034599
3.0802334221 0.0000796671
3.0925052684 0.0000638731
3.1047771147 0.0000511738
3.1170489610 0.0000446970
3.1293208073 0.0000452884
