0.0122718463 0.2869832103
0.0245436926 0.9375821168
0.0368155389 1.3987579979
0.0490873852 2.3822148515
0.0613592315 3.4053602664
0.0736310778 4.2068453433
0.0859029241 5.1893465386
0.0981747704 5.5665169259
0.1104466167 6.7242703672
0.1227184630 7.2164394369
0.1349903093 7.0908632256
0.1472621556 7.5178633926
0.1595340019 7.4023876520
0.1718058482 6.3361916570
0.1840776945 5.8734252807
0.1963495408 5.4573614826
0.2086213872 4.6715091985
0.2208932335 3.8415843427
0.2331650798 3.3325413240
0.2454369261 2.7020601040
0.2577087724 1.8685412577
0.2699806187 1.4912601307
0.2822524650 0.9898280923
0.2945243113 0.6259752874
0.3067961576 0.3741307044
0.3190680039 0.1894332017
0.3313398502 0.0783100967
0.3436116965 0.0220629118
0.3558835428 0.0077479252
0.3681553891 0.0231642570
0.3804272354 0.0612841529
0.3926990817 0.1037861922
0.4049709280 0.1519903355
0.4172427743 0.1905859779
0.4295146206 0.2258132765
0.4417864669 0.2480263861
0.4540583132 0.2575636562
0.4663301595 0.2650134583
0.4786020058 0.2461790895
0.4908738521 0.2210258867
0.5031456984 0.1921371695
0.5154175447 0.1573206814
0.5276893910 0.1217862587
0.5399612373 0.0895109993
0.5522330836 0.0622012359
0.5645049299 0.0398579321
0.5767767762 0.0217043897
0.5890486225 0.0098146370
0.6013204689 0.0029154889
0.6135923152 0.0009903518
0.6258641615 0.0032576073
0.6381360078 0.0081631565
0.6504078541 0.0148628196
0.6626797004 0.0223902787
0.6749515467 0.0304274821
0.6872233930 0.0358468610
0.6994952393 0.0407877811
0.7117670856 0.0445417819
0.7240389319 0.0446317247
0.7363107782 0.0424149763
0.7485826245 0.0395176330
0.7608544708 0.0352322517
0.7731263171 0.0288000014
0.7853981634 0.0231906584
0.7976700097 0.0177864503
0.8099418560 0.0122133049
0.8222137023 0.0075550998
0.8344855486 0.0039614743
0.8467573949 0.0016356451
0.8590292412 0.0004683917
0.8713010875 0.0003300940
0.8835729338 0.0011463531
0.8958447801 0.0026680522
0.9081166264 0.0046609174
0.9203884727 0.0067304689
0.9326603190 0.0087744723
0.9449321653 0.0106812280
0.9572040116 0.0120082048
0.9694758579 0.0126965284
0.9817477042 0.0128016581
0.9940195505 0.0125476492
1.0062913969 0.0114455145
1.0185632432 0.0100256862
1.0308350895 0.0085807553
1.0431069358 0.0066932216
1.0553787821 0.0048691115
1.0676506284 0.0033815030
1.0799224747 0.0020026282
1.0921943210 0.0009959021
1.1044661673 0.0003510877
1.1167380136 0.0001141225
1.1290098599 0.0002339898
1.1412817062 0.0006862672
1.1535535525 0.0013310519
1.1658253988 0.0021264122
1.1780972451 0.0029748911
1.1903690914 0.0037889395
1.2026409377 0.0044370330
1.2149127840 0.0049332589
1.2271846303 0.0051609395
1.2394564766 0.0051569848
1.2517283229 0.0049270291
1.2640001692 0.0044929372
1.2762720155 0.0039215251
1.2885438618 0.0032006539
1.3008157081 0.0025027233
1.3130875544 0.0017697603
1.3253594007 0.0011442483
1.3376312470 0.0006487895
1.3499030933 0.0002798606
1.3621749396 0.0000885136
1.3744467859 0.0000642217
1.3867186322 0.0001834632
1.3989904786 0.0004475800
1.4112623249 0.0007860322
1.4235341712 0.0011568222
1.4358060175 0.0015551839
1.4480778638 0.0019001155
1.4603497101 0.0021841455
1.4726215564 0.0023471976
1.4848934027 0.0024161545
1.4971652490 0.0023719708
1.5094370953 0.0022609775
1.5217089416 0.0019992704
1.5339807879 0.0017284027
1.5462526342 0.0013795400
1.5585244805 0.0010449460
1.5707963268 0.0007113089
1.5830681731 0.0004217221
1.5953400194 0.0002117139
1.6076118657 0.0000748043
1.6198837120 0.0000265234
1.6321555583 0.0000595736
1.6444274046 0.0001617153
1.6566992509 0.0003252283
1.6689710972 0.0005296600
1.6812429435 0.0007317445
1.6935147898 0.0009337575
1.7057866361 0.0011066254
1.7180584824 0.0012319976
1.7303303287 0.0013057602
1.7426021750 0.0013084311
1.7548740213 0.0012678473
1.7671458676 0.0011772368
1.7794177139 0.0010167024
1.7916895603 0.0008379387
1.8039614066 0.0006535522
1.8162332529 0.0004781904
1.8285050992 0.0003024997
1.8407769455 0.0001662018
1.8530487918 0.0000751609
1.8653206381 0.0000275457
1.8775924844 0.0000258066
1.8898643307 0.0000702994
1.9021361770 0.0001489996
1.9144080233 0.0002510816
1.9266798696 0.0003766348
1.9389517159 0.0004888939
1.9512235622 0.0006039779
1.9634954085 0.0006964941
1.9757672548 0.0007666819
1.9880391011 0.0007898064
2.0003109474 0.0007676333
2.0125827937 0.0007418025
2.0248546400 0.0006601042
2.0371264863 0.0005827660
2.0493983326 0.0004591086
2.0616701789 0.0003478171
2.0739420252 0.0002665110
2.0862138715 0.0001579374
2.0984857178 0.0001009488
2.1107575641 0.0000541130
2.1230294104 0.0000416832
2.1353012567 0.0000550920
2.1475731030 0.0000928222
2.1598449493 0.0001452626
2.1721167956 0.0002158801
2.1843886419 0.0002833371
2.1966604883 0.0003558469
2.2089323346 0.0004232088
2.2212041809 0.0004462251
2.2334760272 0.0004946817
2.2457478735 0.0004806693
2.2580197198 0.0004682496
2.2702915661 0.0004341197
2.2825634124 0.0003808374
2.2948352587 0.0003222439
2.3071071050 0.0002480418
2.3193789513 0.0001806536
2.3316507976 0.0001235356
2.3439226439 0.0000709642
2.3561944902 0.0000393324
2.3684663365 0.0000220803
2.3807381828 0.0000234242
2.3930100291 0.0000406500
2.4052818754 0.0000747546
2.4175537217 0.0001212918
2.4298255680 0.0001646171
2.4420974143 0.0002154660
2.4543692606 0.0002561959
2.4666411069 0.0002954354
2.4789129532 0.0003181787
2.4911847995 0.0003359788
2.5034566458 0.0003377900
2.5157284921 0.0003110143
2.5280003384 0.0002941754
2.5402721847 0.0002558598
2.5525440310 0.0002156026
2.5648158773 0.0001757524
2.5770877236 0.0001285382
2.5893595700 0.0000989006
2.6016314163 0.0000736581
2.6139032626 0.0000589371
2.6261751089 0.0000597291
2.6384469552 0.0000661837
2.6507188015 0.0000839746
2.6629906478 0.0001119788
2.6752624941 0.0001442955
2.6875343404 0.0001870293
2.6998061867 0.0002018293
2.7120780330 0.0002372476
2.7243498793 0.0002604756
2.7366217256 0.0002693858
2.7488935719 0.0002799003
2.7611654182 0.0002532094
2.7734372645 0.0002569238
2.7857091108 0.0002255240
2.7979809571 0.0001931484
2.8102528034 0.0001729725
2.8225246497 0.0001321376
2.8347964960 0.0001193427
2.8470683423 0.0000909063
2.8593401886 0.0000741131
2.8716120349 0.0000754752
2.8838838812 0.0000737167
2.8961557275 0.0000842968
2.9084275738 0.0000986924
2.9206994201 0.0001257393
2.9329712664 0.0001380810
2.9452431127 0.0001684005
2.9575149590 0.0001790029
2.9697868053 0.0001967688
2.9820586516 0.0002125946
2.9943304980 0.0002045906
3.0066023443 0.0002045553
3.0188741906 0.0001898816
3.0311460369 0.0001753324
3.0434178832 0.0001489292
3.0556897295 0.0001262739
3.0679615758 0.0001046947
3.0802334221 0.0000805891
3.0925052684 0.0000648959
3.1047771147 0.0000523015
3.1170489610 0.0000460270
3.1293208073 0.0000466791
