0.0122718463 2.1557388361
0.0245436926 13.5323165128
0.0368155389 17.4311968990
0.0490873852 23.6292335011
0.0613592315 31.0600950539
0.0736310778 25.8927189586
0.0859029241 27.0231311888
0.0981747704 20.4627179358
0.1104466167 18.0789189342
0.1227184630 18.8942779988
0.1349903093 17.3580958585
0.1472621556 15.2751354463
0.1595340019 15.9398934307
0.1718058482 12.7970275249
0.1840776945 10.6268127811
0.1963495408 9.0225177468
0.2086213872 7.1731878795
0.2208932335 5.5175295340
0.2331650798 4.6270486054
0.2454369261 3.3097223312
0.2577087724 2.3277053559
0.2699806187 1.7856627029
0.2822524650 1.1558696790
0.2945243113 0.7075076547
0.3067961576 0.4288986970
0.3190680039 0.2033129926
0.3313398502 0.0817541370
0.3436116965 0.0231334510
0.3558835428 0.0071885516
0.3681553891 0.0238102250
0.3804272354 0.0648452274
0.3926990817 0.1077978908
0.4049709280 0.1516518575
0.4172427743 0.1982367913
0.4295146206 0.2294377812
0.4417864669 0.2527927209
0.4540583132 0.2623166288
0.4663301595 0.2639476020
0.4786020058 0.2527852579
0.4908738521 0.2257981824
0.5031456984 0.1870965506
0.5154175447 0.1529700489
0.5276893910 0.1193995260
0.5399612373 0.0872048241
0.5522330836 0.0608500232
0.5645049299 0.0389148918
0.5767767762 0.0217554233
0.5890486225 0.0095634908
0.6013204689 0.0027316200
0.6135923152 0.0008847130
0.6258641615 0.0031265216
0.6381360078 0.0079921574
0.6504078541 0.0147509295
0.6626797004 0.0219097441
0.6749515467 0.0296331984
0.6872233930 0.0361153436
0.6994952393 0.0402765372
0.7117670856 0.0432863602
0.7240389319 0.0439207934
0.7363107782 0.0422393116
0.7485826245 0.0390711824
0.7608544708 0.0344791901
0.7731263171 0.0287360812
0.7853981634 0.0232412158
0.7976700097 0.0175702660
0.8099418560 0.0119650437
0.8222137023 0.0075859479
0.8344855486 0.0039926047
0.8467573949 0.0016176317
0.8590292412 0.0004443164
0.8713010875 0.0003089126
0.8835729338 0.0011368026
0.8958447801 0.0026692484
0.9081166264 0.0046873155
0.9203884727 0.0068227385
0.9326603190 0.0089007682
0.9449321653 0.0107981963
0.9572040116 0.0122510006
0.9694758579 0.0129180511
0.9817477042 0.0131454618
0.9940195505 0.0127782027
1.0062913969 0.0117721611
1.0185632432 0.0102800980
1.0308350895 0.0086929041
1.0431069358 0.0067943425
1.0553787821 0.0049696994
1.0676506284 0.0034194588
1.0799224747 0.0020113402
1.0921943210 0.0009972159
1.1044661673 0.0003476978
1.1167380136 0.0001080891
1.1290098599 0.0002290375
1.1412817062 0.0006883113
1.1535535525 0.0013329089
1.1658253988 0.0021260658
1.1780972451 0.0029473449
1.1903690914 0.0037964236
1.2026409377 0.0044411461
1.2149127840 0.0049284833
1.2271846303 0.0051933810
1.2394564766 0.0052085682
1.2517283229 0.0049937000
1.2640001692 0.0045768915
1.2762720155 0.0040026380
1.2885438618 0.0032708235
1.3008157081 0.0025310860
1.3130875544 0.0017916860
1.3253594007 0.0011625867
1.3376312470 0.0006575971
1.3499030933 0.0002817235
1.3621749396 0.0000868496
1.3744467859 0.0000623113
1.3867186322 0.0001823799
1.3989904786 0.0004516274
1.4112623249 0.0007978347
1.4235341712 0.0011733035
1.4358060175 0.0015702189
1.4480778638 0.0019265947
1.4603497101 0.0022205818
1.4726215564 0.0023932175
1.4848934027 0.0024672225
1.4971652490 0.0024323705
1.5094370953 0.0023161880
1.5217089416 0.0020413241
1.5339807879 0.0017552831
1.5462526342 0.0013956406
1.5585244805 0.0010498178
1.5707963268 0.0007166263
1.5830681731 0.0004256101
1.5953400194 0.0002139495
1.6076118657 0.0000747255
1.6198837120 0.0000253290
1.6321555583 0.0000580524
1.6444274046 0.0001606257
1.6566992509 0.0003260360
1.6689710972 0.0005306228
1.6812429435 0.0007333188
1.6935147898 0.0009396735
1.7057866361 0.0011193972
1.7180584824 0.0012513461
1.7303303287 0.0013211137
1.7426021750 0.0013321521
1.7548740213 0.0012949458
1.7671458676 0.0011936969
1.7794177139 0.0010307363
1.7916895603 0.0008529342
1.8039614066 0.0006639226
1.8162332529 0.0004841040
1.8285050992 0.0003091143
1.8407769455 0.0001698339
1.8530487918 0.0000763084
1.8653206381 0.0000275519
1.8775924844 0.0000255299
1.8898643307 0.0000709542
1.9021361770 0.0001504781
1.9144080233 0.0002539323
1.9266798696 0.0003823578
1.9389517159 0.0004950736
1.9512235622 0.0006119944
1.9634954085 0.0007029980
1.9757672548 0.0007770188
1.9880391011 0.0008010645
2.0003109474 0.0007802039
2.0125827937 0.0007555946
2.0248546400 0.0006703936
2.0371264863 0.0005915651
2.0493983326 0.0004672644
2.0616701789 0.0003532106
2.0739420252 0.0002698292
2.0862138715 0.0001605213
2.0984857178 0.0001034310
2.1107575641 0.0000544921
2.1230294104 0.0000421188
2.1353012567 0.0000567871
2.1475731030 0.0000954781
2.1598449493 0.0001497326
2.1721167956 0.0002233966
2.1843886419 0.0002916109
2.1966604883 0.0003670522
2.2089323346 0.0004377168
2.2212041809 0.0004621420
2.2334760272 0.0005131264
2.2457478735 0.0005006479
2.2580197198 0.0004847742
2.2702915661 0.0004463568
2.2825634124 0.0003924607
2.2948352587 0.0003308003
2.3071071050 0.0002530026
2.3193789513 0.0001839647
2.3316507976 0.0001268060
2.3439226439 0.0000727559
2.3561944902 0.0000402372
2.3684663365 0.0000223767
2.3807381828 0.0000238571
2.3930100291 0.0000417099
2.4052818754 0.0000765344
2.4175537217 0.0001245037
2.4298255680 0.0001690491
2.4420974143 0.0002217975
2.4543692606 0.0002641780
2.4666411069 0.0003062553
2.4789129532 0.0003282909
2.4911847995 0.0003443560
2.5034566458 0.0003462974
2.5157284921 0.0003190863
2.5280003384 0.0002999691
2.5402721847 0.0002598629
2.5525440310 0.0002196300
2.5648158773 0.0001787442
2.5770877236 0.0001308006
2.5893595700 0.0001003814
2.6016314163 0.0000744154
2.6139032626 0.0000599279
2.6261751089 0.0000609135
2.6384469552 0.0000673892
2.6507188015 0.0000856512
2.6629906478 0.0001144278
2.6752624941 0.0001477347
2.6875343404 0.0001920520
2.6998061867 0.0002079303
2.7120780330 0.0002435465
2.7243498793 0.0002659528
2.7366217256 0.0002746669
2.7488935719 0.0002850846
2.7611654182 0.0002571128
2.7734372645 0.0002605131
2.7857091108 0.0002291026
2.7979809571 0.0001965305
2.8102528034 0.0001771248
2.8225246497 0.0001336681
2.8347964960 0.0001208413
2.8470683423 0.0000923592
2.8593401886 0.0000748698
2.8716120349 0.0000756932
2.8838838812 0.0000745136
2.8961557275 0.0000851851
2.9084275738 0.0000993552
2.9206994201 0.0001270392
2.9329712664 0.0001394716
2.9452431127 0.0001698527
2.9575149590 0.0001815703
2.9697868053 0.0001999021
2.9820586516 0.0002152620
2.9943304980 0.0002065614
3.0066023443 0.0002075595
3.0188741906 0.0001916316
3.0311460369 0.0001762788
3.0434178832 0.0001500784
3.0556897295 0.0001270367
3.0679615758 0.0001049626
3.0802334221 0.0000804285
3.0925052684 0.0000648690
3.1047771147 0.0000522871
3.1170489610 0.0000461280
3.1293208073 0.0000470539
