0.5 0.000000000000000000
1.5 0.000000000000000000
2.5 0.000000000000000000
3.5 0.010653881485573880
4.5 0.051956383274281211
5.5 0.147512683781416187
6.5 0.289639208957951810
7.5 0.438953754432397592
8.5 0.601514785667577878
9.5 0.746457324972938485
10.5 0.884455636831125047
11.5 1.023343288678169927
12.5 1.154882676547861031
13.5 1.256085599371127959
14.5 1.394751839363975066
15.5 1.497368053960165923
16.5 1.606662980295765930
17.5 1.701271605401851961
18.5 1.806693073662396953
19.5 1.876812716373660983
20.5 1.955330210323537932
21.5 2.025225117971163780
22.5 2.047602049500874877
23.5 2.090337283411086933
24.5 2.085606953626176985
25.5 2.109026279739134146
26.5 2.105071061767105789
27.5 2.091388621755390975
28.5 2.049112650773635025
29.5 2.036227420145185985
30.5 2.019065589852532039
31.5 1.955189910868446956
32.5 2.272810614946001895
33.5 2.574196840847772894
34.5 2.615765900877959904
35.5 2.756893735335640194
36.5 2.778445777695968122
37.5 2.848928048221755827
38.5 2.937165598026433955
39.5 3.004147139985636983
40.5 3.069114441145572858
41.5 3.140105508836774195
42.5 3.212425434399984070
43.5 3.237229454706671117
44.5 3.278614118422921830
45.5 3.332987750174012831
46.5 3.365178506594097119
47.5 3.384502029664960165
48.5 3.428688198956795219
49.5 3.418189624757649980
50.5 3.445201292729151987
51.5 3.465937267986582970
52.5 3.444183930309394182
53.5 3.433866903533520976
54.5 3.439330784000429908
55.5 3.422232337993985851
56.5 3.414581063731279897
57.5 3.414135910001407925
58.5 3.388724320847714022
59.5 3.365453667268815785
60.5 3.311804124698488838
61.5 3.344218911220638191
62.5 3.307805294742289792
63.5 3.277507016080849045
64.5 3.233348806431858957
65.5 3.216571988985613917
66.5 3.157920373902860955
67.5 3.133891657772720940
68.5 3.114653459890805109
69.5 3.108711841162716816
70.5 3.026172419289439919
71.5 3.011271289004454843
72.5 2.982931675693806906
73.5 2.944973468195577926
74.5 2.873838731279454883
75.5 2.875216079145646031
76.5 2.835308731302728091
77.5 2.786960696150758032
78.5 2.768655111008015091
79.5 2.745564029469055978
80.5 2.687140023468340022
81.5 2.657382864413996959
82.5 2.638192550984427953
83.5 2.586060010564095180
84.5 2.550217975278381122
85.5 2.523564719284412838
86.5 2.456454083349369988
87.5 2.457626412494176904
88.5 2.394352316268050895
89.5 2.382694465954075191
90.5 2.343133364417925968
91.5 2.331687364327660106
92.5 2.269900021668195045
93.5 2.244757071425993011
94.5 2.217892856492991172
95.5 2.195743310911781876
96.5 2.165910426114786791
97.5 2.150212133008218007
98.5 2.104819800668153107
99.5 2.114102583653938883
100.5 2.049448604363174109
101.5 2.032960175874177988
102.5 1.986601268299692080
103.5 1.976233204506306018
104.5 1.963271597038872107
105.5 1.902415291848247980
106.5 1.891316994940005047
107.5 1.857013746681779098
108.5 1.837450092680064095
109.5 1.815121134325722974
110.5 1.802741587755469110
111.5 1.761401340948415939
112.5 1.777750770646495004
113.5 1.722106642633304041
114.5 1.690700721259972061
115.5 1.671321361401215899
116.5 1.651964499264741093
117.5 1.657780413360645966
118.5 1.625729814840771059
119.5 1.579029156479009099
120.5 1.597923042406675043
121.5 1.554539269315966976
122.5 1.541394886179594081
123.5 1.494669241028397044
124.5 1.497459700058695997
125.5 1.473329867769602064
126.5 1.463921957182491962
127.5 1.446003392080283945
128.5 1.444064602101915895
129.5 1.411872164654977002
130.5 1.404445894731364941
131.5 1.378956134347915086
132.5 1.338662006081978051
133.5 1.361754226183278016
134.5 1.326175287297417960
135.5 1.321775689427203915
136.5 1.312175713576775982
137.5 1.291899199924867903
138.5 1.260169812898410013
139.5 1.259879276996697106
140.5 1.252062079927130922
141.5 1.251532935909638988
142.5 1.222540763326136926
143.5 1.176316630144732089
144.5 1.190640644102090917
145.5 1.161583711991100998
146.5 1.173164447644285957
147.5 1.160963881244525986
148.5 1.147976781854779027
149.5 1.135972916594335969
150.5 1.132154987036283034
151.5 1.092898791117169033
152.5 1.112643263248155989
153.5 1.081033130542538023
154.5 1.079294972293765031
155.5 1.048528081569318982
156.5 1.044377924567206906
157.5 1.035666422591084102
158.5 1.033153423166710994
159.5 1.023993274438782963
160.5 1.019493495538877026
161.5 0.986297145259403818
162.5 0.988571450023920550
163.5 0.952728770872474540
164.5 0.964279036360914055
165.5 0.958656946594321768
166.5 0.950277799494975373
167.5 0.935951546624416819
168.5 0.927764329575392677
169.5 0.925784746567557715
170.5 0.923329132417955001
171.5 0.899021645992087670
172.5 0.898493018225194340
173.5 0.883816741461675215
174.5 0.883850752650064408
175.5 0.860519944887769839
176.5 0.852548895062165135
177.5 0.865213169303113983
178.5 0.836142934506826530
179.5 0.844269904685427841
180.5 0.833802187527247995
181.5 0.819434210703710697
182.5 0.817427010824175460
183.5 0.809045864271818904
184.5 0.796280349184718239
185.5 0.781095638855762719
186.5 0.783930347733539978
187.5 0.796699126020743442
188.5 0.777681489119671721
189.5 0.764859327705767034
190.5 0.779398484297765592
191.5 0.740504976612111454
192.5 0.733745218064141169
193.5 0.735078653494137590
194.5 0.763548597965256093
195.5 0.734864384566215390
196.5 0.737100336669163858
197.5 0.730218432397871542
198.5 0.705675328558842629
199.5 0.687872925861256923
200.5 0.711575571216582325
201.5 0.698778540548767646
202.5 0.685492179248222588
203.5 0.693788020749375289
204.5 0.681480710004782830
205.5 0.675413658184543797
206.5 0.670315877666954774
207.5 0.658398462414494401
208.5 0.635197552720062841
209.5 0.663574867561861015
210.5 0.660267405537166119
211.5 0.653954238288161127
212.5 0.665059418446774631
213.5 0.646438296750155517
214.5 0.637008547981385620
215.5 0.652986028005133057
216.5 0.627234103852972735
217.5 0.616008809675463898
218.5 0.606210898896436423
219.5 0.600079753854998232
220.5 0.608141952309160128
221.5 0.608453334261200962
222.5 0.604270309426650831
223.5 0.604688909788087647
224.5 0.573153726575124645
