 0
 0
 0
 0.01065388148557388
 0.05195638327428121
 0.1475126837814162
 0.2896392089579518
 0.4389537544323976
 0.6015147856675779
 0.7464573249729385
 0.884455636831125
 1.02334328867817
 1.154882676547861
 1.256085599371128
 1.394751839363975
 1.497368053960166
 1.606662980295766
 1.701271605401852
 1.806693073662397
 1.876812716373661
 1.955330210323538
 2.025225117971164
 2.047602049500875
 2.090337283411087
 2.085606953626177
 2.109026279739134
 2.105071061767106
 2.091388621755391
 2.049112650773635
 2.036227420145186
 2.019065589852532
 1.955189910868447
 2.272810614946002
 2.574196840847773
 2.61576590087796
 2.75689373533564
 2.778445777695968
 2.848928048221756
 2.937165598026434
 3.004147139985637
 3.069114441145573
 3.140105508836774
 3.212425434399984
 3.237229454706671
 3.278614118422922
 3.332987750174013
 3.365178506594097
 3.38450202966496
 3.428688198956795
 3.41818962475765
 3.445201292729152
 3.465937267986583
 3.444183930309394
 3.433866903533521
 3.43933078400043
 3.422232337993986
 3.41458106373128
 3.414135910001408
 3.388724320847714
 3.365453667268816
 3.311804124698489
 3.344218911220638
 3.30780529474229
 3.277507016080849
 3.233348806431859
 3.216571988985614
 3.157920373902861
 3.133891657772721
 3.114653459890805
 3.108711841162717
 3.02617241928944
 3.011271289004455
 2.982931675693807
 2.944973468195578
 2.873838731279455
 2.875216079145646
 2.835308731302728
 2.786960696150758
 2.768655111008015
 2.745564029469056
 2.68714002346834
 2.657382864413997
 2.638192550984428
 2.586060010564095
 2.550217975278381
 2.523564719284413
 2.45645408334937
 2.457626412494177
 2.394352316268051
 2.382694465954075
 2.343133364417926
 2.33168736432766
 2.269900021668195
 2.244757071425993
 2.217892856492991
 2.195743310911782
 2.165910426114787
 2.150212133008218
 2.104819800668153
 2.114102583653939
 2.049448604363174
 2.032960175874178
 1.986601268299692
 1.976233204506306
 1.963271597038872
 1.902415291848248
 1.891316994940005
 1.857013746681779
 1.837450092680064
 1.815121134325723
 1.802741587755469
 1.761401340948416
 1.777750770646495
 1.722106642633304
 1.690700721259972
 1.671321361401216
 1.651964499264741
 1.657780413360646
 1.625729814840771
 1.579029156479009
 1.597923042406675
 1.554539269315967
 1.541394886179594
 1.494669241028397
 1.497459700058696
 1.473329867769602
 1.463921957182492
 1.446003392080284
 1.444064602101916
 1.411872164654977
 1.404445894731365
 1.378956134347915
 1.338662006081978
 1.361754226183278
 1.326175287297418
 1.321775689427204
 1.312175713576776
 1.291899199924868
 1.26016981289841
 1.259879276996697
 1.252062079927131
 1.251532935909639
 1.222540763326137
 1.176316630144732
 1.190640644102091
 1.161583711991101
 1.173164447644286
 1.160963881244526
 1.147976781854779
 1.135972916594336
 1.132154987036283
 1.092898791117169
 1.112643263248156
 1.081033130542538
 1.079294972293765
 1.048528081569319
 1.044377924567207
 1.035666422591084
 1.033153423166711
 1.023993274438783
 1.019493495538877
 0.9862971452594038
 0.9885714500239206
 0.9527287708724745
 0.9642790363609141
 0.9586569465943218
 0.9502777994949754
 0.9359515466244168
 0.9277643295753927
 0.9257847465675577
 0.923329132417955
 0.8990216459920877
 0.8984930182251943
 0.8838167414616752
 0.8838507526500644
 0.8605199448877698
 0.8525488950621651
 0.865213169303114
 0.8361429345068265
 0.8442699046854278
 0.833802187527248
 0.8194342107037107
 0.8174270108241755
 0.8090458642718189
 0.7962803491847182
 0.7810956388557627
 0.78393034773354
 0.7966991260207434
 0.7776814891196717
 0.764859327705767
 0.7793984842977656
 0.7405049766121115
 0.7337452180641412
 0.7350786534941376
 0.7635485979652561
 0.7348643845662154
 0.7371003366691639
 0.7302184323978715
 0.7056753285588426
 0.6878729258612569
 0.7115755712165823
 0.6987785405487676
 0.6854921792482226
 0.6937880207493753
 0.6814807100047828
 0.6754136581845438
 0.6703158776669548
 0.6583984624144944
 0.6351975527200628
 0.663574867561861
 0.6602674055371661
 0.6539542382881611
 0.6650594184467746
 0.6464382967501555
 0.6370085479813856
 0.6529860280051331
 0.6272341038529727
 0.6160088096754639
 0.6062108988964364
 0.6000797538549982
 0.6081419523091601
 0.608453334261201
 0.6042703094266508
 0.6046889097880876
 0.5731537265751246
