0.0122718463 2.2028885242
0.0245436926 10.8683446293
0.0368155389 15.5034748887
0.0490873852 23.6493639300
0.0613592315 27.9529209003
0.0736310778 29.7135956427
0.0859029241 28.6572308758
0.0981747704 20.8188924309
0.1104466167 20.5333536450
0.1227184630 20.3260937206
0.1349903093 17.1054202057
0.1472621556 15.6376693740
0.1595340019 14.2381510924
0.1718058482 11.9983295150
0.1840776945 9.5945512466
0.1963495408 8.4608721136
0.2086213872 7.4324764447
0.2208932335 5.7099087021
0.2331650798 4.4821101406
0.2454369261 3.5751662100
0.2577087724 2.4330732319
0.2699806187 1.7085775393
0.2822524650 1.1023561281
0.2945243113 0.7323333393
0.3067961576 0.4087183093
0.3190680039 0.2002699261
0.3313398502 0.0820377581
0.3436116965 0.0247438335
0.3558835428 0.0080180307
0.3681553891 0.0229139413
0.3804272354 0.0598619603
0.3926990817 0.0990863174
0.4049709280 0.1438132116
0.4172427743 0.1875560364
0.4295146206 0.2183858368
0.4417864669 0.2309104777
0.4540583132 0.2457874884
0.4663301595 0.2479793257
0.4786020058 0.2277706744
0.4908738521 0.2067786394
0.5031456984 0.1832785612
0.5154175447 0.1491790312
0.5276893910 0.1168946015
0.5399612373 0.0863349120
0.5522330836 0.0588058228
0.5645049299 0.0372072303
0.5767767762 0.0203687963
0.5890486225 0.0088259751
0.6013204689 0.0026215855
0.6135923152 0.0009413934
0.6258641615 0.0030428386
0.6381360078 0.0076651622
0.6504078541 0.0144552101
0.6626797004 0.0212998297
0.6749515467 0.0281446002
0.6872233930 0.0346430050
0.6994952393 0.0383851626
0.7117670856 0.0413592237
0.7240389319 0.0418286804
0.7363107782 0.0406985104
0.7485826245 0.0378984440
0.7608544708 0.0336979576
0.7731263171 0.0281237135
0.7853981634 0.0225637875
0.7976700097 0.0170370794
0.8099418560 0.0116844302
0.8222137023 0.0073775975
0.8344855486 0.0038456031
0.8467573949 0.0015847166
0.8590292412 0.0004613159
0.8713010875 0.0003254645
0.8835729338 0.0011265205
0.8958447801 0.0026218260
0.9081166264 0.0045796058
0.9203884727 0.0066132815
0.9326603190 0.0086717728
0.9449321653 0.0105810381
0.9572040116 0.0117703238
0.9694758579 0.0124718044
0.9817477042 0.0127169456
0.9940195505 0.0121191187
1.0062913969 0.0111241727
1.0185632432 0.0098522111
1.0308350895 0.0083014890
1.0431069358 0.0065230378
1.0553787821 0.0048070378
1.0676506284 0.0033213133
1.0799224747 0.0019734444
1.0921943210 0.0009747414
1.1044661673 0.0003448085
1.1167380136 0.0001135779
1.1290098599 0.0002305499
1.1412817062 0.0006673433
1.1535535525 0.0012803749
1.1658253988 0.0020758820
1.1780972451 0.0029090816
1.1903690914 0.0036906710
1.2026409377 0.0043666444
1.2149127840 0.0048111001
1.2271846303 0.0050360570
1.2394564766 0.0050072218
1.2517283229 0.0047451019
1.2640001692 0.0043529357
1.2762720155 0.0037831915
1.2885438618 0.0031104561
1.3008157081 0.0024426829
1.3130875544 0.0017396604
1.3253594007 0.0011313875
1.3376312470 0.0006412151
1.3499030933 0.0002769931
1.3621749396 0.0000891209
1.3744467859 0.0000648992
1.3867186322 0.0001815789
1.3989904786 0.0004373326
1.4112623249 0.0007623270
1.4235341712 0.0011387042
1.4358060175 0.0015341189
1.4480778638 0.0018609016
1.4603497101 0.0021562355
1.4726215564 0.0023246115
1.4848934027 0.0023705759
1.4971652490 0.0023230794
1.5094370953 0.0022266699
1.5217089416 0.0019561529
1.5339807879 0.0016836375
1.5462526342 0.0013510207
1.5585244805 0.0010239930
1.5707963268 0.0006935913
1.5830681731 0.0004111005
1.5953400194 0.0002082350
1.6076118657 0.0000737207
1.6198837120 0.0000264088
1.6321555583 0.0000577374
1.6444274046 0.0001560051
1.6566992509 0.0003139024
1.6689710972 0.0005131959
1.6812429435 0.0007102720
1.6935147898 0.0009045033
1.7057866361 0.0010733448
1.7180584824 0.0012020986
1.7303303287 0.0012638269
1.7426021750 0.0012700710
1.7548740213 0.0012363648
1.7671458676 0.0011434679
1.7794177139 0.0009891503
1.7916895603 0.0008220601
1.8039614066 0.0006442423
1.8162332529 0.0004684894
1.8285050992 0.0002993980
1.8407769455 0.0001654502
1.8530487918 0.0000745418
1.8653206381 0.0000275957
1.8775924844 0.0000254914
1.8898643307 0.0000689923
1.9021361770 0.0001450892
1.9144080233 0.0002451833
1.9266798696 0.0003680748
1.9389517159 0.0004785079
1.9512235622 0.0005897862
1.9634954085 0.0006809961
1.9757672548 0.0007460394
1.9880391011 0.0007647591
2.0003109474 0.0007464952
2.0125827937 0.0007230247
2.0248546400 0.0006434484
2.0371264863 0.0005713938
2.0493983326 0.0004531845
2.0616701789 0.0003429146
2.0739420252 0.0002624126
2.0862138715 0.0001563270
2.0984857178 0.0001004935
2.1107575641 0.0000536932
2.1230294104 0.0000415306
2.1353012567 0.0000549086
2.1475731030 0.0000928868
2.1598449493 0.0001457979
2.1721167956 0.0002148983
2.1843886419 0.0002816798
2.1966604883 0.0003542902
2.2089323346 0.0004189118
2.2212041809 0.0004422042
2.2334760272 0.0004927957
2.2457478735 0.0004791179
2.2580197198 0.0004669264
2.2702915661 0.0004316969
2.2825634124 0.0003798521
2.2948352587 0.0003205403
2.3071071050 0.0002458899
2.3193789513 0.0001787469
2.3316507976 0.0001230891
2.3439226439 0.0000708139
2.3561944902 0.0000392091
2.3684663365 0.0000220989
2.3807381828 0.0000233857
2.3930100291 0.0000403273
2.4052818754 0.0000736999
2.4175537217 0.0001202273
2.4298255680 0.0001626131
2.4420974143 0.0002131537
2.4543692606 0.0002559843
2.4666411069 0.0002953506
2.4789129532 0.0003141886
2.4911847995 0.0003317765
2.5034566458 0.0003318641
2.5157284921 0.0003032717
2.5280003384 0.0002869236
2.5402721847 0.0002507090
2.5525440310 0.0002111698
2.5648158773 0.0001725759
2.5770877236 0.0001268584
2.5893595700 0.0000975460
2.6016314163 0.0000717142
2.6139032626 0.0000580060
2.6261751089 0.0000590796
2.6384469552 0.0000647111
2.6507188015 0.0000822290
2.6629906478 0.0001092577
2.6752624941 0.0001418108
2.6875343404 0.0001847318
2.6998061867 0.0002003125
2.7120780330 0.0002351846
2.7243498793 0.0002577178
2.7366217256 0.0002670304
2.7488935719 0.0002753661
2.7611654182 0.0002480548
2.7734372645 0.0002520320
2.7857091108 0.0002202394
2.7979809571 0.0001884314
2.8102528034 0.0001692313
2.8225246497 0.0001284377
2.8347964960 0.0001169730
2.8470683423 0.0000886830
2.8593401886 0.0000725256
2.8716120349 0.0000739771
2.8838838812 0.0000718422
2.8961557275 0.0000826542
2.9084275738 0.0000963574
2.9206994201 0.0001226060
2.9329712664 0.0001349790
2.9452431127 0.0001644177
2.9575149590 0.0001745707
2.9697868053 0.0001910678
2.9820586516 0.0002066829
2.9943304980 0.0001994633
3.0066023443 0.0001986455
3.0188741906 0.0001843788
3.0311460369 0.0001715301
3.0434178832 0.0001448080
3.0556897295 0.0001224345
3.0679615758 0.0001016375
3.0802334221 0.0000781104
3.0925052684 0.0000626190
3.1047771147 0.0000507534
3.1170489610 0.0000449509
3.1293208073 0.0000456299
