0.0122718463 0.8616248971
0.0245436926 3.0056464974
0.0368155389 2.9645970820
0.0490873852 6.0375307108
0.0613592315 10.2427377626
0.0736310778 9.8525982590
0.0859029241 11.7475737260
0.0981747704 13.0582004000
0.1104466167 14.8750567753
0.1227184630 15.2093852974
0.1349903093 13.3190641514
0.1472621556 14.5799824807
0.1595340019 13.1104909133
0.1718058482 10.4059135508
0.1840776945 8.8858697202
0.1963495408 7.8123639102
0.2086213872 6.7682376670
0.2208932335 5.1338925516
0.2331650798 4.0994972775
0.2454369261 3.3718265945
0.2577087724 2.4763419961
0.2699806187 1.7407314630
0.2822524650 1.1404673462
0.2945243113 0.7762467005
0.3067961576 0.4406371677
0.3190680039 0.2107530589
0.3313398502 0.0858965890
0.3436116965 0.0244662151
0.3558835428 0.0075527511
0.3681553891 0.0255033922
0.3804272354 0.0663089861
0.3926990817 0.1110254734
0.4049709280 0.1572436904
0.4172427743 0.1989259612
0.4295146206 0.2279513339
0.4417864669 0.2430357775
0.4540583132 0.2559093392
0.4663301595 0.2572968319
0.4786020058 0.2358821123
0.4908738521 0.2098421912
0.5031456984 0.1864039921
0.5154175447 0.1521534172
0.5276893910 0.1156877104
0.5399612373 0.0861374126
0.5522330836 0.0587331872
0.5645049299 0.0376549830
0.5767767762 0.0205554254
0.5890486225 0.0090149724
0.6013204689 0.0026819890
0.6135923152 0.0009413400
0.6258641615 0.0031274420
0.6381360078 0.0077806549
0.6504078541 0.0145719873
0.6626797004 0.0220796841
0.6749515467 0.0297060130
0.6872233930 0.0355968194
0.6994952393 0.0402855973
0.7117670856 0.0447948746
0.7240389319 0.0451638817
0.7363107782 0.0430460495
0.7485826245 0.0403846914
0.7608544708 0.0357305407
0.7731263171 0.0295281491
0.7853981634 0.0236644239
0.7976700097 0.0178270606
0.8099418560 0.0122022494
0.8222137023 0.0075951504
0.8344855486 0.0040054235
0.8467573949 0.0016289826
0.8590292412 0.0004555845
0.8713010875 0.0003195494
0.8835729338 0.0011468519
0.8958447801 0.0026750607
0.9081166264 0.0046868209
0.9203884727 0.0067940258
0.9326603190 0.0088384232
0.9449321653 0.0107384766
0.9572040116 0.0120596498
0.9694758579 0.0127657421
0.9817477042 0.0129369125
0.9940195505 0.0125793124
1.0062913969 0.0113969868
1.0185632432 0.0100776360
1.0308350895 0.0085715714
1.0431069358 0.0067062285
1.0553787821 0.0048606414
1.0676506284 0.0033711849
1.0799224747 0.0020107166
1.0921943210 0.0009932979
1.1044661673 0.0003505493
1.1167380136 0.0001124916
1.1290098599 0.0002324691
1.1412817062 0.0006900212
1.1535535525 0.0013401990
1.1658253988 0.0021364293
1.1780972451 0.0029825751
1.1903690914 0.0038271666
1.2026409377 0.0044538574
1.2149127840 0.0048783994
1.2271846303 0.0051632868
1.2394564766 0.0051798089
1.2517283229 0.0049015250
1.2640001692 0.0044647307
1.2762720155 0.0039349770
1.2885438618 0.0032130090
1.3008157081 0.0024910938
1.3130875544 0.0017718268
1.3253594007 0.0011552924
1.3376312470 0.0006516293
1.3499030933 0.0002802660
1.3621749396 0.0000879106
1.3744467859 0.0000634657
1.3867186322 0.0001835899
1.3989904786 0.0004522778
1.4112623249 0.0007929208
1.4235341712 0.0011656958
1.4358060175 0.0015641001
1.4480778638 0.0019130863
1.4603497101 0.0022046745
1.4726215564 0.0023625513
1.4848934027 0.0024350028
1.4971652490 0.0024055843
1.5094370953 0.0022815871
1.5217089416 0.0020074967
1.5339807879 0.0017371473
1.5462526342 0.0013859195
1.5585244805 0.0010448861
1.5707963268 0.0007151375
1.5830681731 0.0004236802
1.5953400194 0.0002117460
1.6076118657 0.0000746199
1.6198837120 0.0000260877
1.6321555583 0.0000591662
1.6444274046 0.0001625021
1.6566992509 0.0003268009
1.6689710972 0.0005322744
1.6812429435 0.0007346129
1.6935147898 0.0009456376
1.7057866361 0.0011154539
1.7180584824 0.0012431648
1.7303303287 0.0013255274
1.7426021750 0.0013288941
1.7548740213 0.0012837020
1.7671458676 0.0011911728
1.7794177139 0.0010290791
1.7916895603 0.0008467530
1.8039614066 0.0006590064
1.8162332529 0.0004814732
1.8285050992 0.0003051615
1.8407769455 0.0001682234
1.8530487918 0.0000756886
1.8653206381 0.0000276042
1.8775924844 0.0000256879
1.8898643307 0.0000705430
1.9021361770 0.0001494050
1.9144080233 0.0002523498
1.9266798696 0.0003799002
1.9389517159 0.0004947541
1.9512235622 0.0006116822
1.9634954085 0.0007053077
1.9757672548 0.0007781193
1.9880391011 0.0008018043
2.0003109474 0.0007766472
2.0125827937 0.0007543059
2.0248546400 0.0006713174
2.0371264863 0.0005902634
2.0493983326 0.0004667079
2.0616701789 0.0003542106
2.0739420252 0.0002709950
2.0862138715 0.0001607602
2.0984857178 0.0001037522
2.1107575641 0.0000548983
2.1230294104 0.0000423540
2.1353012567 0.0000569668
2.1475731030 0.0000961423
2.1598449493 0.0001506100
2.1721167956 0.0002242372
2.1843886419 0.0002934561
2.1966604883 0.0003698457
2.2089323346 0.0004388344
2.2212041809 0.0004613394
2.2334760272 0.0005113899
2.2457478735 0.0004979935
2.2580197198 0.0004824937
2.2702915661 0.0004447788
2.2825634124 0.0003910707
2.2948352587 0.0003314986
2.3071071050 0.0002540978
2.3193789513 0.0001850840
2.3316507976 0.0001271318
2.3439226439 0.0000727663
2.3561944902 0.0000403303
2.3684663365 0.0000225538
2.3807381828 0.0000238903
2.3930100291 0.0000416085
2.4052818754 0.0000766182
2.4175537217 0.0001241000
2.4298255680 0.0001678443
2.4420974143 0.0002202540
2.4543692606 0.0002618701
2.4666411069 0.0003026707
2.4789129532 0.0003251980
2.4911847995 0.0003421620
2.5034566458 0.0003427975
2.5157284921 0.0003143360
2.5280003384 0.0002962879
2.5402721847 0.0002580828
2.5525440310 0.0002173263
2.5648158773 0.0001769843
2.5770877236 0.0001300247
2.5893595700 0.0001004968
2.6016314163 0.0000743209
2.6139032626 0.0000597716
2.6261751089 0.0000611262
2.6384469552 0.0000673881
2.6507188015 0.0000858005
2.6629906478 0.0001146734
2.6752624941 0.0001484091
2.6875343404 0.0001919859
2.6998061867 0.0002066864
2.7120780330 0.0002433932
2.7243498793 0.0002662709
2.7366217256 0.0002749433
2.7488935719 0.0002845979
2.7611654182 0.0002583436
2.7734372645 0.0002615812
2.7857091108 0.0002279541
2.7979809571 0.0001951407
2.8102528034 0.0001762083
2.8225246497 0.0001327974
2.8347964960 0.0001199927
2.8470683423 0.0000913878
2.8593401886 0.0000745081
2.8716120349 0.0000756191
2.8838838812 0.0000739160
2.8961557275 0.0000847434
2.9084275738 0.0000986616
2.9206994201 0.0001256520
2.9329712664 0.0001383426
2.9452431127 0.0001686198
2.9575149590 0.0001792894
2.9697868053 0.0001975674
2.9820586516 0.0002141149
2.9943304980 0.0002058067
3.0066023443 0.0002059493
3.0188741906 0.0001904765
3.0311460369 0.0001761773
3.0434178832 0.0001493659
3.0556897295 0.0001262869
3.0679615758 0.0001046387
3.0802334221 0.0000807042
3.0925052684 0.0000650412
3.1047771147 0.0000521636
3.1170489610 0.0000459503
3.1293208073 0.0000466270
