0.0122718463 1.0844651028
0.0245436926 8.8341796872
0.0368155389 12.8993700196
0.0490873852 19.7960519787
0.0613592315 23.0146558564
0.0736310778 24.4935601496
0.0859029241 29.4663972552
0.0981747704 19.7994058511
0.1104466167 19.6618567366
0.1227184630 18.6255703572
0.1349903093 16.9826392413
0.1472621556 14.3997871220
0.1595340019 14.7048288402
0.1718058482 11.2750369492
0.1840776945 10.2055355835
0.1963495408 8.9554651898
0.2086213872 7.3676227891
0.2208932335 5.4020382960
0.2331650798 4.6291162238
0.2454369261 3.8621849907
0.2577087724 2.6176254573
0.2699806187 1.8934040534
0.2822524650 1.2586748335
0.2945243113 0.8071859787
0.3067961576 0.4412894067
0.3190680039 0.2100372532
0.3313398502 0.0852575526
0.3436116965 0.0247146168
0.3558835428 0.0076472344
0.3681553891 0.0244892174
0.3804272354 0.0647088751
0.3926990817 0.1110075116
0.4049709280 0.1532033796
0.4172427743 0.1968245120
0.4295146206 0.2222799343
0.4417864669 0.2359360336
0.4540583132 0.2456233620
0.4663301595 0.2467852575
0.4786020058 0.2267896403
0.4908738521 0.2097532021
0.5031456984 0.1849637999
0.5154175447 0.1496701368
0.5276893910 0.1178312788
0.5399612373 0.0870321874
0.5522330836 0.0594647527
0.5645049299 0.0377697098
0.5767767762 0.0210580741
0.5890486225 0.0091802349
0.6013204689 0.0026619004
0.6135923152 0.0009111918
0.6258641615 0.0031869932
0.6381360078 0.0080473012
0.6504078541 0.0151089146
0.6626797004 0.0224249916
0.6749515467 0.0298495074
0.6872233930 0.0359162323
0.6994952393 0.0398577706
0.7117670856 0.0432833262
0.7240389319 0.0431091619
0.7363107782 0.0419129960
0.7485826245 0.0386134599
0.7608544708 0.0342157573
0.7731263171 0.0288559316
0.7853981634 0.0231501972
0.7976700097 0.0173478758
0.8099418560 0.0119116725
0.8222137023 0.0074891714
0.8344855486 0.0039029946
0.8467573949 0.0015726409
0.8590292412 0.0004492445
0.8713010875 0.0003163805
0.8835729338 0.0011399970
0.8958447801 0.0026899714
0.9081166264 0.0047338956
0.9203884727 0.0068123394
0.9326603190 0.0088395456
0.9449321653 0.0107882307
0.9572040116 0.0121297304
0.9694758579 0.0128458457
0.9817477042 0.0130625101
0.9940195505 0.0127604817
1.0062913969 0.0116719271
1.0185632432 0.0102237738
1.0308350895 0.0086807898
1.0431069358 0.0068336305
1.0553787821 0.0049908234
1.0676506284 0.0034162654
1.0799224747 0.0020374449
1.0921943210 0.0010128718
1.1044661673 0.0003516613
1.1167380136 0.0001112882
1.1290098599 0.0002319718
1.1412817062 0.0006798087
1.1535535525 0.0013171869
1.1658253988 0.0021322734
1.1780972451 0.0029633988
1.1903690914 0.0037894828
1.2026409377 0.0044873769
1.2149127840 0.0050057934
1.2271846303 0.0051946791
1.2394564766 0.0051488433
1.2517283229 0.0049379212
1.2640001692 0.0044743065
1.2762720155 0.0038949783
1.2885438618 0.0031919759
1.3008157081 0.0025042155
1.3130875544 0.0017886986
1.3253594007 0.0011580633
1.3376312470 0.0006563020
1.3499030933 0.0002832203
1.3621749396 0.0000884604
1.3744467859 0.0000635515
1.3867186322 0.0001830353
1.3989904786 0.0004492800
1.4112623249 0.0007896703
1.4235341712 0.0011628947
1.4358060175 0.0015679824
1.4480778638 0.0019098034
1.4603497101 0.0021967356
1.4726215564 0.0023820238
1.4848934027 0.0024393083
1.4971652490 0.0024043655
1.5094370953 0.0022989165
1.5217089416 0.0020274032
1.5339807879 0.0017419888
1.5462526342 0.0014011009
1.5585244805 0.0010529553
1.5707963268 0.0007131993
1.5830681731 0.0004244366
1.5953400194 0.0002128090
1.6076118657 0.0000745994
1.6198837120 0.0000257565
1.6321555583 0.0000585344
1.6444274046 0.0001603089
1.6566992509 0.0003235955
1.6689710972 0.0005297477
1.6812429435 0.0007290255
1.6935147898 0.0009300090
1.7057866361 0.0011057016
1.7180584824 0.0012437552
1.7303303287 0.0013104742
1.7426021750 0.0013199076
1.7548740213 0.0012842092
1.7671458676 0.0011876869
1.7794177139 0.0010206874
1.7916895603 0.0008458947
1.8039614066 0.0006620063
1.8162332529 0.0004821608
1.8285050992 0.0003076855
1.8407769455 0.0001700555
1.8530487918 0.0000761074
1.8653206381 0.0000276729
1.8775924844 0.0000256812
1.8898643307 0.0000700042
1.9021361770 0.0001487022
1.9144080233 0.0002518254
1.9266798696 0.0003770672
1.9389517159 0.0004906099
1.9512235622 0.0006067550
1.9634954085 0.0006987733
1.9757672548 0.0007674402
1.9880391011 0.0007915222
2.0003109474 0.0007736854
2.0125827937 0.0007477362
2.0248546400 0.0006641197
2.0371264863 0.0005900512
2.0493983326 0.0004677235
2.0616701789 0.0003519579
2.0739420252 0.0002679913
2.0862138715 0.0001610414
2.0984857178 0.0001031806
2.1107575641 0.0000542970
2.1230294104 0.0000422909
2.1353012567 0.0000563433
2.1475731030 0.0000951697
2.1598449493 0.0001490210
2.1721167956 0.0002221633
2.1843886419 0.0002915770
2.1966604883 0.0003650107
2.2089323346 0.0004347741
2.2212041809 0.0004601510
2.2334760272 0.0005099456
2.2457478735 0.0004945282
2.2580197198 0.0004811400
2.2702915661 0.0004448448
2.2825634124 0.0003882715
2.2948352587 0.0003278585
2.3071071050 0.0002524801
2.3193789513 0.0001839856
2.3316507976 0.0001258379
2.3439226439 0.0000720235
2.3561944902 0.0000403075
2.3684663365 0.0000224899
2.3807381828 0.0000237029
2.3930100291 0.0000413589
2.4052818754 0.0000763332
2.4175537217 0.0001237372
2.4298255680 0.0001680194
2.4420974143 0.0002206192
2.4543692606 0.0002630093
2.4666411069 0.0003032900
2.4789129532 0.0003253314
2.4911847995 0.0003430930
2.5034566458 0.0003429667
2.5157284921 0.0003131914
2.5280003384 0.0002965965
2.5402721847 0.0002577629
2.5525440310 0.0002165802
2.5648158773 0.0001763996
2.5770877236 0.0001296479
2.5893595700 0.0001000738
2.6016314163 0.0000737248
2.6139032626 0.0000593765
2.6261751089 0.0000609729
2.6384469552 0.0000671144
2.6507188015 0.0000855161
2.6629906478 0.0001134081
2.6752624941 0.0001456759
2.6875343404 0.0001904429
2.6998061867 0.0002041282
2.7120780330 0.0002397316
2.7243498793 0.0002634158
2.7366217256 0.0002730815
2.7488935719 0.0002833557
2.7611654182 0.0002570127
2.7734372645 0.0002604703
2.7857091108 0.0002282707
2.7979809571 0.0001957805
2.8102528034 0.0001750153
2.8225246497 0.0001325795
2.8347964960 0.0001205008
2.8470683423 0.0000908674
2.8593401886 0.0000741779
2.8716120349 0.0000757702
2.8838838812 0.0000736404
2.8961557275 0.0000845956
2.9084275738 0.0000995482
2.9206994201 0.0001268297
2.9329712664 0.0001391729
2.9452431127 0.0001697569
2.9575149590 0.0001820707
2.9697868053 0.0001985260
2.9820586516 0.0002135064
2.9943304980 0.0002063349
3.0066023443 0.0002057613
3.0188741906 0.0001891459
3.0311460369 0.0001747897
3.0434178832 0.0001492903
3.0556897295 0.0001254863
3.0679615758 0.0001040051
3.0802334221 0.0000808245
3.0925052684 0.0000649884
3.1047771147 0.0000521823
3.1170489610 0.0000458455
3.1293208073 0.0000464590
