0.0122718463 0.9149012361
0.0245436926 3.2850108061
0.0368155389 3.2257755599
0.0490873852 6.5432407704
0.0613592315 11.0740102206
0.0736310778 10.5876945369
0.0859029241 12.4476301029
0.0981747704 13.6926275528
0.1104466167 15.4899150642
0.1227184630 15.6207127016
0.1349903093 13.4886378087
0.1472621556 14.8682143250
0.1595340019 13.3922707895
0.1718058482 10.3747744323
0.1840776945 9.0513164317
0.1963495408 7.9808595385
0.2086213872 6.8247491455
0.2208932335 5.2514354056
0.2331650798 4.2759428983
0.2454369261 3.4544030906
0.2577087724 2.5753773218
0.2699806187 1.8518961918
0.2822524650 1.1974795501
0.2945243113 0.8020735189
0.3067961576 0.4646104980
0.3190680039 0.2199301474
0.3313398502 0.0882702017
0.3436116965 0.0252747044
0.3558835428 0.0078477969
0.3681553891 0.0255349969
0.3804272354 0.0663743453
0.3926990817 0.1122523747
0.4049709280 0.1578463434
0.4172427743 0.2009257732
0.4295146206 0.2313948303
0.4417864669 0.2458157365
0.4540583132 0.2634674066
0.4663301595 0.2654353255
0.4786020058 0.2387347876
0.4908738521 0.2158738264
0.5031456984 0.1936315633
0.5154175447 0.1533065089
0.5276893910 0.1178487800
0.5399612373 0.0884866317
0.5522330836 0.0604428002
0.5645049299 0.0383477404
0.5767767762 0.0210872768
0.5890486225 0.0092423366
0.6013204689 0.0026823558
0.6135923152 0.0009202840
0.6258641615 0.0031302128
0.6381360078 0.0078457186
0.6504078541 0.0147879409
0.6626797004 0.0223385571
0.6749515467 0.0297008181
0.6872233930 0.0356889333
0.6994952393 0.0404083088
0.7117670856 0.0442472391
0.7240389319 0.0445840199
0.7363107782 0.0425603346
0.7485826245 0.0394415735
0.7608544708 0.0349587051
0.7731263171 0.0293335715
0.7853981634 0.0232271215
0.7976700097 0.0175214668
0.8099418560 0.0120927371
0.8222137023 0.0075839663
0.8344855486 0.0039589877
0.8467573949 0.0016100718
0.8590292412 0.0004577830
0.8713010875 0.0003146684
0.8835729338 0.0011305276
0.8958447801 0.0026720005
0.9081166264 0.0046610491
0.9203884727 0.0067736977
0.9326603190 0.0089044175
0.9449321653 0.0108058800
0.9572040116 0.0121517314
0.9694758579 0.0128875828
0.9817477042 0.0131019102
0.9940195505 0.0126912491
1.0062913969 0.0116250761
1.0185632432 0.0102913561
1.0308350895 0.0087040189
1.0431069358 0.0068190542
1.0553787821 0.0049679994
1.0676506284 0.0034098377
1.0799224747 0.0020332339
1.0921943210 0.0010087200
1.1044661673 0.0003496207
1.1167380136 0.0001115380
1.1290098599 0.0002339159
1.1412817062 0.0006924838
1.1535535525 0.0013290421
1.1658253988 0.0021306391
1.1780972451 0.0029714187
1.1903690914 0.0037989583
1.2026409377 0.0044411023
1.2149127840 0.0049156233
1.2271846303 0.0051794471
1.2394564766 0.0051623452
1.2517283229 0.0049538497
1.2640001692 0.0045256931
1.2762720155 0.0039458536
1.2885438618 0.0032388271
1.3008157081 0.0025200439
1.3130875544 0.0017854190
1.3253594007 0.0011537012
1.3376312470 0.0006535327
1.3499030933 0.0002835784
1.3621749396 0.0000878453
1.3744467859 0.0000630773
1.3867186322 0.0001830857
1.3989904786 0.0004499191
1.4112623249 0.0007917535
1.4235341712 0.0011721710
1.4358060175 0.0015666859
1.4480778638 0.0019196179
1.4603497101 0.0022296211
1.4726215564 0.0023840413
1.4848934027 0.0024553074
1.4971652490 0.0024218661
1.5094370953 0.0023035253
1.5217089416 0.0020214976
1.5339807879 0.0017518232
1.5462526342 0.0013945915
1.5585244805 0.0010551728
1.5707963268 0.0007194329
1.5830681731 0.0004261403
1.5953400194 0.0002140524
1.6076118657 0.0000752567
1.6198837120 0.0000259084
1.6321555583 0.0000579760
1.6444274046 0.0001592761
1.6566992509 0.0003206966
1.6689710972 0.0005232239
1.6812429435 0.0007226927
1.6935147898 0.0009241178
1.7057866361 0.0010983176
1.7180584824 0.0012238932
1.7303303287 0.0012984766
1.7426021750 0.0013110986
1.7548740213 0.0012660480
1.7671458676 0.0011816057
1.7794177139 0.0010197488
1.7916895603 0.0008435171
1.8039614066 0.0006613185
1.8162332529 0.0004840126
1.8285050992 0.0003069016
1.8407769455 0.0001695323
1.8530487918 0.0000765373
1.8653206381 0.0000278494
1.8775924844 0.0000257564
1.8898643307 0.0000709150
1.9021361770 0.0001501868
1.9144080233 0.0002532003
1.9266798696 0.0003831291
1.9389517159 0.0004994005
1.9512235622 0.0006139599
1.9634954085 0.0007085296
1.9757672548 0.0007853000
1.9880391011 0.0008063597
2.0003109474 0.0007821834
2.0125827937 0.0007614646
2.0248546400 0.0006755720
2.0371264863 0.0005944388
2.0493983326 0.0004702447
2.0616701789 0.0003560765
2.0739420252 0.0002708785
2.0862138715 0.0001613180
2.0984857178 0.0001030429
2.1107575641 0.0000549036
2.1230294104 0.0000421717
2.1353012567 0.0000561805
2.1475731030 0.0000945954
2.1598449493 0.0001475349
2.1721167956 0.0002188975
2.1843886419 0.0002872543
2.1966604883 0.0003608871
2.2089323346 0.0004269940
2.2212041809 0.0004530099
2.2334760272 0.0005038671
2.2457478735 0.0004875869
2.2580197198 0.0004760956
2.2702915661 0.0004413207
2.2825634124 0.0003863075
2.2948352587 0.0003270550
2.3071071050 0.0002522833
2.3193789513 0.0001845567
2.3316507976 0.0001253568
2.3439226439 0.0000722508
2.3561944902 0.0000402041
2.3684663365 0.0000223949
2.3807381828 0.0000237227
2.3930100291 0.0000413740
2.4052818754 0.0000765452
2.4175537217 0.0001233857
2.4298255680 0.0001676805
2.4420974143 0.0002202318
2.4543692606 0.0002628806
2.4666411069 0.0003039369
2.4789129532 0.0003247879
2.4911847995 0.0003435360
2.5034566458 0.0003455248
2.5157284921 0.0003165400
2.5280003384 0.0002981981
2.5402721847 0.0002595604
2.5525440310 0.0002191574
2.5648158773 0.0001780587
2.5770877236 0.0001301028
2.5893595700 0.0000998852
2.6016314163 0.0000740180
2.6139032626 0.0000595820
2.6261751089 0.0000605103
2.6384469552 0.0000672701
2.6507188015 0.0000856470
2.6629906478 0.0001138741
2.6752624941 0.0001471868
2.6875343404 0.0001912400
2.6998061867 0.0002056228
2.7120780330 0.0002398779
2.7243498793 0.0002634433
2.7366217256 0.0002721370
2.7488935719 0.0002818014
2.7611654182 0.0002546806
2.7734372645 0.0002586641
2.7857091108 0.0002264430
2.7979809571 0.0001928556
2.8102528034 0.0001741201
2.8225246497 0.0001315322
2.8347964960 0.0001187666
2.8470683423 0.0000901637
2.8593401886 0.0000739171
2.8716120349 0.0000757605
2.8838838812 0.0000748259
2.8961557275 0.0000857707
2.9084275738 0.0000999727
2.9206994201 0.0001281809
2.9329712664 0.0001404898
2.9452431127 0.0001702714
2.9575149590 0.0001810839
2.9697868053 0.0002005330
2.9820586516 0.0002164933
2.9943304980 0.0002071436
3.0066023443 0.0002070196
3.0188741906 0.0001922980
3.0311460369 0.0001775352
3.0434178832 0.0001500622
3.0556897295 0.0001266590
3.0679615758 0.0001051778
3.0802334221 0.0000809087
3.0925052684 0.0000646879
3.1047771147 0.0000519287
3.1170489610 0.0000458224
3.1293208073 0.0000465030
