0.0122718463 1.2961252842
0.0245436926 8.4526092512
0.0368155389 12.2335322474
0.0490873852 19.6717275931
0.0613592315 23.7709521285
0.0736310778 26.0287738100
0.0859029241 28.6201514733
0.0981747704 21.4728571698
0.1104466167 20.2350580230
0.1227184630 18.1107992290
0.1349903093 16.3242968830
0.1472621556 13.7400044040
0.1595340019 12.6800171339
0.1718058482 11.2995295394
0.1840776945 9.6076138224
0.1963495408 8.4852640798
0.2086213872 7.1109602781
0.2208932335 5.4916136091
0.2331650798 4.4858831455
0.2454369261 3.6855437965
0.2577087724 2.5212390544
0.2699806187 1.7671288155
0.2822524650 1.1641633318
0.2945243113 0.7228918034
0.3067961576 0.4185612219
0.3190680039 0.1965386287
0.3313398502 0.0838924928
0.3436116965 0.0250134209
0.3558835428 0.0079083997
0.3681553891 0.0250436297
0.3804272354 0.0624100438
0.3926990817 0.1060311891
0.4049709280 0.1567295911
0.4172427743 0.1980587151
0.4295146206 0.2244908526
0.4417864669 0.2452060000
0.4540583132 0.2575666766
0.4663301595 0.2555400530
0.4786020058 0.2343499785
0.4908738521 0.2118448594
0.5031456984 0.1875345507
0.5154175447 0.1500928911
0.5276893910 0.1168349130
0.5399612373 0.0879405858
0.5522330836 0.0595379858
0.5645049299 0.0371405142
0.5767767762 0.0205659539
0.5890486225 0.0090625893
0.6013204689 0.0026436821
0.6135923152 0.0009221807
0.6258641615 0.0031402930
0.6381360078 0.0079494063
0.6504078541 0.0147455266
0.6626797004 0.0218104978
0.6749515467 0.0290382398
0.6872233930 0.0348368132
0.6994952393 0.0389584002
0.7117670856 0.0421857050
0.7240389319 0.0425592848
0.7363107782 0.0411530808
0.7485826245 0.0383711641
0.7608544708 0.0342334669
0.7731263171 0.0287527428
0.7853981634 0.0232252345
0.7976700097 0.0175289184
0.8099418560 0.0120364285
0.8222137023 0.0075982655
0.8344855486 0.0039389762
0.8467573949 0.0016108801
0.8590292412 0.0004593678
0.8713010875 0.0003253886
0.8835729338 0.0011433618
0.8958447801 0.0026930451
0.9081166264 0.0047973110
0.9203884727 0.0069046815
0.9326603190 0.0089573488
0.9449321653 0.0109006257
0.9572040116 0.0120948766
0.9694758579 0.0127901070
0.9817477042 0.0128604329
0.9940195505 0.0124777610
1.0062913969 0.0115755310
1.0185632432 0.0101078138
1.0308350895 0.0085958433
1.0431069358 0.0068040552
1.0553787821 0.0049223311
1.0676506284 0.0033915370
1.0799224747 0.0020274602
1.0921943210 0.0010005898
1.1044661673 0.0003526122
1.1167380136 0.0001143077
1.1290098599 0.0002345747
1.1412817062 0.0006886884
1.1535535525 0.0013335868
1.1658253988 0.0021444468
1.1780972451 0.0029639605
1.1903690914 0.0038004457
1.2026409377 0.0044580149
1.2149127840 0.0049346835
1.2271846303 0.0051932540
1.2394564766 0.0051747336
1.2517283229 0.0049530173
1.2640001692 0.0045392732
1.2762720155 0.0039427492
1.2885438618 0.0032374936
1.3008157081 0.0025164587
1.3130875544 0.0017837147
1.3253594007 0.0011546174
1.3376312470 0.0006503412
1.3499030933 0.0002803555
1.3621749396 0.0000889587
1.3744467859 0.0000644395
1.3867186322 0.0001855404
1.3989904786 0.0004537337
1.4112623249 0.0007943082
1.4235341712 0.0011715498
1.4358060175 0.0015751735
1.4480778638 0.0019205593
1.4603497101 0.0022016217
1.4726215564 0.0023752802
1.4848934027 0.0024389489
1.4971652490 0.0023794793
1.5094370953 0.0022769094
1.5217089416 0.0020090748
1.5339807879 0.0017229641
1.5462526342 0.0013760290
1.5585244805 0.0010458102
1.5707963268 0.0007093358
1.5830681731 0.0004186777
1.5953400194 0.0002117448
1.6076118657 0.0000749663
1.6198837120 0.0000262018
1.6321555583 0.0000588048
1.6444274046 0.0001610556
1.6566992509 0.0003214933
1.6689710972 0.0005255280
1.6812429435 0.0007281694
1.6935147898 0.0009225471
1.7057866361 0.0010919178
1.7180584824 0.0012341273
1.7303303287 0.0013006661
1.7426021750 0.0013024003
1.7548740213 0.0012770724
1.7671458676 0.0011851751
1.7794177139 0.0010187561
1.7916895603 0.0008503657
1.8039614066 0.0006609885
1.8162332529 0.0004824014
1.8285050992 0.0003067882
1.8407769455 0.0001688077
1.8530487918 0.0000758587
1.8653206381 0.0000276600
1.8775924844 0.0000257037
1.8898643307 0.0000701353
1.9021361770 0.0001497640
1.9144080233 0.0002545045
1.9266798696 0.0003803059
1.9389517159 0.0004956286
1.9512235622 0.0006155653
1.9634954085 0.0007059727
1.9757672548 0.0007710689
1.9880391011 0.0007943975
2.0003109474 0.0007746388
2.0125827937 0.0007440010
2.0248546400 0.0006641254
2.0371264863 0.0005900962
2.0493983326 0.0004662685
2.0616701789 0.0003535352
2.0739420252 0.0002707277
2.0862138715 0.0001608570
2.0984857178 0.0001035539
2.1107575641 0.0000551546
2.1230294104 0.0000426892
2.1353012567 0.0000562551
2.1475731030 0.0000945025
2.1598449493 0.0001486843
2.1721167956 0.0002200252
2.1843886419 0.0002882678
2.1966604883 0.0003635872
2.2089323346 0.0004347635
2.2212041809 0.0004605393
2.2334760272 0.0005090070
2.2457478735 0.0004971015
2.2580197198 0.0004830392
2.2702915661 0.0004422188
2.2825634124 0.0003904909
2.2948352587 0.0003283980
2.3071071050 0.0002513245
2.3193789513 0.0001831264
2.3316507976 0.0001263143
2.3439226439 0.0000728119
2.3561944902 0.0000403838
2.3684663365 0.0000226241
2.3807381828 0.0000239441
2.3930100291 0.0000415104
2.4052818754 0.0000764542
2.4175537217 0.0001238187
2.4298255680 0.0001676082
2.4420974143 0.0002185220
2.4543692606 0.0002611960
2.4666411069 0.0003010949
2.4789129532 0.0003232893
2.4911847995 0.0003422843
2.5034566458 0.0003438613
2.5157284921 0.0003150064
2.5280003384 0.0002978338
2.5402721847 0.0002588829
2.5525440310 0.0002171345
2.5648158773 0.0001767128
2.5770877236 0.0001297594
2.5893595700 0.0000998280
2.6016314163 0.0000736953
2.6139032626 0.0000596309
2.6261751089 0.0000607731
2.6384469552 0.0000668167
2.6507188015 0.0000851509
2.6629906478 0.0001130003
2.6752624941 0.0001460532
2.6875343404 0.0001895680
2.6998061867 0.0002038163
2.7120780330 0.0002403273
2.7243498793 0.0002622233
2.7366217256 0.0002730183
2.7488935719 0.0002834226
2.7611654182 0.0002546247
2.7734372645 0.0002586808
2.7857091108 0.0002278711
2.7979809571 0.0001935023
2.8102528034 0.0001731142
2.8225246497 0.0001317890
2.8347964960 0.0001197097
2.8470683423 0.0000901396
2.8593401886 0.0000740278
2.8716120349 0.0000755713
2.8838838812 0.0000738210
2.8961557275 0.0000849152
2.9084275738 0.0000993910
2.9206994201 0.0001272611
2.9329712664 0.0001397536
2.9452431127 0.0001698461
2.9575149590 0.0001811352
2.9697868053 0.0001986190
2.9820586516 0.0002145367
2.9943304980 0.0002055742
3.0066023443 0.0002056311
3.0188741906 0.0001898813
3.0311460369 0.0001753885
3.0434178832 0.0001491539
3.0556897295 0.0001260912
3.0679615758 0.0001045458
3.0802334221 0.0000807042
3.0925052684 0.0000647570
3.1047771147 0.0000521812
3.1170489610 0.0000457439
3.1293208073 0.0000466262
