0.0122718463 0.0673098988
0.0245436926 0.1973382254
0.0368155389 0.3361295542
0.0490873852 0.5343925903
0.0613592315 0.7953681917
0.0736310778 1.0560207787
0.0859029241 1.3339162094
0.0981747704 1.5446071741
0.1104466167 1.7825905047
0.1227184630 1.9992850641
0.1349903093 2.0686796881
0.1472621556 2.1451940602
0.1595340019 2.1874931776
0.1718058482 2.0901859059
0.1840776945 1.9978592805
0.1963495408 1.8742045077
0.2086213872 1.7007425318
0.2208932335 1.4991998555
0.2331650798 1.2762138196
0.2454369261 1.0648049210
0.2577087724 0.8304058667
0.2699806187 0.6463828670
0.2822524650 0.4666030224
0.2945243113 0.3094915239
0.3067961576 0.1938945190
0.3190680039 0.0987626365
0.3313398502 0.0412958821
0.3436116965 0.0123170452
0.3558835428 0.0043432505
0.3681553891 0.0141242500
0.3804272354 0.0381329738
0.3926990817 0.0686910119
0.4049709280 0.1010745854
0.4172427743 0.1321701997
0.4295146206 0.1581406360
0.4417864669 0.1760357627
0.4540583132 0.1841060182
0.4663301595 0.1899286685
0.4786020058 0.1795734235
0.4908738521 0.1675509204
0.5031456984 0.1468623862
0.5154175447 0.1244547759
0.5276893910 0.0983973704
0.5399612373 0.0734698270
0.5522330836 0.0520125266
0.5645049299 0.0331048671
0.5767767762 0.0184000565
0.5890486225 0.0081173836
0.6013204689 0.0024150355
0.6135923152 0.0008519697
0.6258641615 0.0028701002
0.6381360078 0.0073431330
0.6504078541 0.0136792361
0.6626797004 0.0202600669
0.6749515467 0.0273253982
0.6872233930 0.0334797185
0.6994952393 0.0369642566
0.7117670856 0.0403694958
0.7240389319 0.0410257243
0.7363107782 0.0396141119
0.7485826245 0.0364971499
0.7608544708 0.0327300691
0.7731263171 0.0276526444
0.7853981634 0.0220205799
0.7976700097 0.0167586326
0.8099418560 0.0115566386
0.8222137023 0.0072082845
0.8344855486 0.0037869931
0.8467573949 0.0015682430
0.8590292412 0.0004488105
0.8713010875 0.0003201409
0.8835729338 0.0011246486
0.8958447801 0.0026166197
0.9081166264 0.0045612048
0.9203884727 0.0066600323
0.9326603190 0.0086321024
0.9449321653 0.0105035205
0.9572040116 0.0118884327
0.9694758579 0.0126225482
0.9817477042 0.0127920213
0.9940195505 0.0124549074
1.0062913969 0.0114186589
1.0185632432 0.0100909105
1.0308350895 0.0085665025
1.0431069358 0.0066918982
1.0553787821 0.0048589440
1.0676506284 0.0034004404
1.0799224747 0.0020111529
1.0921943210 0.0009861897
1.1044661673 0.0003545644
1.1167380136 0.0001172153
1.1290098599 0.0002366653
1.1412817062 0.0006940069
1.1535535525 0.0013325906
1.1658253988 0.0021185934
1.1780972451 0.0029604778
1.1903690914 0.0038036094
1.2026409377 0.0044355308
1.2149127840 0.0049278252
1.2271846303 0.0051990844
1.2394564766 0.0051697421
1.2517283229 0.0049656384
1.2640001692 0.0045258087
1.2762720155 0.0039333840
1.2885438618 0.0032268225
1.3008157081 0.0025129979
1.3130875544 0.0017724526
1.3253594007 0.0011482673
1.3376312470 0.0006520590
1.3499030933 0.0002830947
1.3621749396 0.0000895350
1.3744467859 0.0000654217
1.3867186322 0.0001844058
1.3989904786 0.0004503314
1.4112623249 0.0007871876
1.4235341712 0.0011624419
1.4358060175 0.0015537177
1.4480778638 0.0019026365
1.4603497101 0.0021859617
1.4726215564 0.0023400579
1.4848934027 0.0024045109
1.4971652490 0.0023596959
1.5094370953 0.0022389258
1.5217089416 0.0019733288
1.5339807879 0.0017026260
1.5462526342 0.0013567803
1.5585244805 0.0010201683
1.5707963268 0.0006979930
1.5830681731 0.0004124201
1.5953400194 0.0002069225
1.6076118657 0.0000738519
1.6198837120 0.0000263248
1.6321555583 0.0000577067
1.6444274046 0.0001557547
1.6566992509 0.0003123440
1.6689710972 0.0005093293
1.6812429435 0.0007043814
1.6935147898 0.0008958471
1.7057866361 0.0010636917
1.7180584824 0.0011923175
1.7303303287 0.0012643190
1.7426021750 0.0012666795
1.7548740213 0.0012297801
1.7671458676 0.0011433139
1.7794177139 0.0009822548
1.7916895603 0.0008112450
1.8039614066 0.0006345161
1.8162332529 0.0004645507
1.8285050992 0.0002958085
1.8407769455 0.0001630358
1.8530487918 0.0000737181
1.8653206381 0.0000274885
1.8775924844 0.0000254143
1.8898643307 0.0000685430
1.9021361770 0.0001445364
1.9144080233 0.0002444120
1.9266798696 0.0003653689
1.9389517159 0.0004775913
1.9512235622 0.0005901422
1.9634954085 0.0006809498
1.9757672548 0.0007512896
1.9880391011 0.0007725504
2.0003109474 0.0007518495
2.0125827937 0.0007317880
2.0248546400 0.0006485408
2.0371264863 0.0005736689
2.0493983326 0.0004550115
2.0616701789 0.0003463192
2.0739420252 0.0002654901
2.0862138715 0.0001575182
2.0984857178 0.0001021393
2.1107575641 0.0000544672
2.1230294104 0.0000420475
2.1353012567 0.0000555418
2.1475731030 0.0000938703
2.1598449493 0.0001470375
2.1721167956 0.0002178287
2.1843886419 0.0002854100
2.1966604883 0.0003605761
2.2089323346 0.0004265171
2.2212041809 0.0004507784
2.2334760272 0.0005011145
2.2457478735 0.0004874436
2.2580197198 0.0004735014
2.2702915661 0.0004391625
2.2825634124 0.0003859606
2.2948352587 0.0003250114
2.3071071050 0.0002502863
2.3193789513 0.0001819674
2.3316507976 0.0001247869
2.3439226439 0.0000718511
2.3561944902 0.0000398664
2.3684663365 0.0000222861
2.3807381828 0.0000237059
2.3930100291 0.0000411407
2.4052818754 0.0000754200
2.4175537217 0.0001224897
2.4298255680 0.0001659693
2.4420974143 0.0002170891
2.4543692606 0.0002588608
2.4666411069 0.0002986420
2.4789129532 0.0003202942
2.4911847995 0.0003374997
2.5034566458 0.0003398120
2.5157284921 0.0003113107
2.5280003384 0.0002932919
2.5402721847 0.0002555655
2.5525440310 0.0002158866
2.5648158773 0.0001755170
2.5770877236 0.0001290200
2.5893595700 0.0000991764
2.6016314163 0.0000733897
2.6139032626 0.0000593963
2.6261751089 0.0000600189
2.6384469552 0.0000662654
2.6507188015 0.0000842757
2.6629906478 0.0001124970
2.6752624941 0.0001446485
2.6875343404 0.0001883614
2.6998061867 0.0002024168
2.7120780330 0.0002377503
2.7243498793 0.0002603869
2.7366217256 0.0002694157
2.7488935719 0.0002782380
2.7611654182 0.0002525901
2.7734372645 0.0002554889
2.7857091108 0.0002242160
2.7979809571 0.0001921780
2.8102528034 0.0001721039
2.8225246497 0.0001305031
2.8347964960 0.0001178652
2.8470683423 0.0000898502
2.8593401886 0.0000732275
2.8716120349 0.0000744720
2.8838838812 0.0000730550
2.8961557275 0.0000835731
2.9084275738 0.0000978251
2.9206994201 0.0001246559
2.9329712664 0.0001368679
2.9452431127 0.0001669595
2.9575149590 0.0001780425
2.9697868053 0.0001956407
2.9820586516 0.0002107731
2.9943304980 0.0002031499
3.0066023443 0.0002031753
3.0188741906 0.0001877673
3.0311460369 0.0001741524
3.0434178832 0.0001476929
3.0556897295 0.0001244768
3.0679615758 0.0001032934
3.0802334221 0.0000797090
3.0925052684 0.0000638767
3.1047771147 0.0000514481
3.1170489610 0.0000454229
3.1293208073 0.0000461876
