0.0122718463 0.6113162290
0.0245436926 2.1456612632
0.0368155389 2.3083975497
0.0490873852 4.5032929633
0.0613592315 7.5232032730
0.0736310778 7.5384166458
0.0859029241 9.2079079014
0.0981747704 10.1906639631
0.1104466167 12.0872030715
0.1227184630 12.6166304740
0.1349903093 11.2171557288
0.1472621556 12.6681769645
0.1595340019 11.5220380902
0.1718058482 9.4621532768
0.1840776945 8.3202209683
0.1963495408 7.4221060553
0.2086213872 6.4906809809
0.2208932335 4.8962106179
0.2331650798 3.9652629811
0.2454369261 3.2789574399
0.2577087724 2.2712000876
0.2699806187 1.6231116658
0.2822524650 1.0714300723
0.2945243113 0.7217561638
0.3067961576 0.3986886310
0.3190680039 0.1941464575
0.3313398502 0.0791397420
0.3436116965 0.0226985207
0.3558835428 0.0070041588
0.3681553891 0.0233042992
0.3804272354 0.0615213601
0.3926990817 0.1046789675
0.4049709280 0.1561861429
0.4172427743 0.1955954559
0.4295146206 0.2272466308
0.4417864669 0.2449420575
0.4540583132 0.2577674180
0.4663301595 0.2592298509
0.4786020058 0.2403190668
0.4908738521 0.2165527328
0.5031456984 0.1902955266
0.5154175447 0.1573701876
0.5276893910 0.1186922289
0.5399612373 0.0873621530
0.5522330836 0.0595185505
0.5645049299 0.0380910157
0.5767767762 0.0204153535
0.5890486225 0.0090562718
0.6013204689 0.0026418005
0.6135923152 0.0009137471
0.6258641615 0.0030365103
0.6381360078 0.0076146063
0.6504078541 0.0142188021
0.6626797004 0.0212995189
0.6749515467 0.0282823313
0.6872233930 0.0340255046
0.6994952393 0.0390510194
0.7117670856 0.0423190143
0.7240389319 0.0429732579
0.7363107782 0.0411832781
0.7485826245 0.0386905004
0.7608544708 0.0342398006
0.7731263171 0.0286809979
0.7853981634 0.0231866812
0.7976700097 0.0174813869
0.8099418560 0.0119488438
0.8222137023 0.0075198473
0.8344855486 0.0039461847
0.8467573949 0.0016080889
0.8590292412 0.0004519354
0.8713010875 0.0003218571
0.8835729338 0.0011616851
0.8958447801 0.0027058304
0.9081166264 0.0047132193
0.9203884727 0.0068553942
0.9326603190 0.0089874175
0.9449321653 0.0108630216
0.9572040116 0.0122152751
0.9694758579 0.0130207109
0.9817477042 0.0132516397
0.9940195505 0.0128713746
1.0062913969 0.0116940719
1.0185632432 0.0104007522
1.0308350895 0.0087992321
1.0431069358 0.0068666081
1.0553787821 0.0049822978
1.0676506284 0.0034431137
1.0799224747 0.0020468559
1.0921943210 0.0010007705
1.1044661673 0.0003526686
1.1167380136 0.0001124094
1.1290098599 0.0002319573
1.1412817062 0.0006829114
1.1535535525 0.0013281166
1.1658253988 0.0021265573
1.1780972451 0.0029478976
1.1903690914 0.0037694277
1.2026409377 0.0043996827
1.2149127840 0.0048870807
1.2271846303 0.0051047853
1.2394564766 0.0050926690
1.2517283229 0.0048801125
1.2640001692 0.0044540211
1.2762720155 0.0038983796
1.2885438618 0.0031927028
1.3008157081 0.0024987203
1.3130875544 0.0017649120
1.3253594007 0.0011423151
1.3376312470 0.0006499315
1.3499030933 0.0002822140
1.3621749396 0.0000877961
1.3744467859 0.0000632424
1.3867186322 0.0001839178
1.3989904786 0.0004510500
1.4112623249 0.0007906662
1.4235341712 0.0011705167
1.4358060175 0.0015690292
1.4480778638 0.0019184512
1.4603497101 0.0022060709
1.4726215564 0.0023693661
1.4848934027 0.0024412680
1.4971652490 0.0024013856
1.5094370953 0.0022882812
1.5217089416 0.0020116089
1.5339807879 0.0017389407
1.5462526342 0.0013885670
1.5585244805 0.0010431630
1.5707963268 0.0007128802
1.5830681731 0.0004223751
1.5953400194 0.0002127953
1.6076118657 0.0000752266
1.6198837120 0.0000262323
1.6321555583 0.0000587661
1.6444274046 0.0001606566
1.6566992509 0.0003232040
1.6689710972 0.0005283613
1.6812429435 0.0007295649
1.6935147898 0.0009315464
1.7057866361 0.0011095639
1.7180584824 0.0012344052
1.7303303287 0.0013122507
1.7426021750 0.0013183268
1.7548740213 0.0012790256
1.7671458676 0.0011853563
1.7794177139 0.0010194172
1.7916895603 0.0008424648
1.8039614066 0.0006568915
1.8162332529 0.0004790377
1.8285050992 0.0003038479
1.8407769455 0.0001675482
1.8530487918 0.0000756358
1.8653206381 0.0000276164
1.8775924844 0.0000258049
1.8898643307 0.0000703123
1.9021361770 0.0001485821
1.9144080233 0.0002502030
1.9266798696 0.0003766026
1.9389517159 0.0004892028
1.9512235622 0.0006041059
1.9634954085 0.0006974449
1.9757672548 0.0007717297
1.9880391011 0.0007935561
2.0003109474 0.0007696519
2.0125827937 0.0007498962
2.0248546400 0.0006669840
2.0371264863 0.0005871217
2.0493983326 0.0004664352
2.0616701789 0.0003536448
2.0739420252 0.0002698045
2.0862138715 0.0001603715
2.0984857178 0.0001038905
2.1107575641 0.0000551789
2.1230294104 0.0000424385
2.1353012567 0.0000563323
2.1475731030 0.0000944710
2.1598449493 0.0001488304
2.1721167956 0.0002210774
2.1843886419 0.0002889300
2.1966604883 0.0003638813
2.2089323346 0.0004316672
2.2212041809 0.0004565562
2.2334760272 0.0005053038
2.2457478735 0.0004913490
2.2580197198 0.0004779246
2.2702915661 0.0004409735
2.2825634124 0.0003864699
2.2948352587 0.0003266546
2.3071071050 0.0002501591
2.3193789513 0.0001826551
2.3316507976 0.0001252136
2.3439226439 0.0000721303
2.3561944902 0.0000401238
2.3684663365 0.0000224689
2.3807381828 0.0000239102
2.3930100291 0.0000414420
2.4052818754 0.0000760633
2.4175537217 0.0001233418
2.4298255680 0.0001675479
2.4420974143 0.0002207947
2.4543692606 0.0002626115
2.4666411069 0.0003026921
2.4789129532 0.0003255063
2.4911847995 0.0003427959
2.5034566458 0.0003432461
2.5157284921 0.0003146695
2.5280003384 0.0002968799
2.5402721847 0.0002578544
2.5525440310 0.0002180167
2.5648158773 0.0001773890
2.5770877236 0.0001289064
2.5893595700 0.0000989727
2.6016314163 0.0000738966
2.6139032626 0.0000590390
2.6261751089 0.0000596237
2.6384469552 0.0000663126
2.6507188015 0.0000846088
2.6629906478 0.0001121753
2.6752624941 0.0001449698
2.6875343404 0.0001896016
2.6998061867 0.0002044236
2.7120780330 0.0002394777
2.7243498793 0.0002639624
2.7366217256 0.0002742573
2.7488935719 0.0002839223
2.7611654182 0.0002561975
2.7734372645 0.0002610380
2.7857091108 0.0002294367
2.7979809571 0.0001955183
2.8102528034 0.0001756223
2.8225246497 0.0001334551
2.8347964960 0.0001205539
2.8470683423 0.0000914569
2.8593401886 0.0000745762
2.8716120349 0.0000764403
2.8838838812 0.0000742315
2.8961557275 0.0000847776
2.9084275738 0.0000987785
2.9206994201 0.0001265277
2.9329712664 0.0001384028
2.9452431127 0.0001683814
2.9575149590 0.0001797965
2.9697868053 0.0001977185
2.9820586516 0.0002129663
2.9943304980 0.0002044439
3.0066023443 0.0002051803
3.0188741906 0.0001891574
3.0311460369 0.0001752103
3.0434178832 0.0001488899
3.0556897295 0.0001256366
3.0679615758 0.0001041747
3.0802334221 0.0000800838
3.0925052684 0.0000647358
3.1047771147 0.0000520454
3.1170489610 0.0000458244
3.1293208073 0.0000465762
