1.000E-03 2.256E+00 1.427E-02 1.183E+03 1.185E+03 
1.500E-03 2.040E+00 2.477E-02 4.002E+02 4.023E+02 
1.560E-03 2.015E+00 2.594E-02 3.600E+02 3.621E+02 
1.560E-03 2.015E+00 2.594E-02 3.955E+03 3.957E+03 
2.000E-03 1.838E+00 3.375E-02 2.261E+03 2.263E+03 
3.000E-03 1.523E+00 4.732E-02 7.865E+02 7.881E+02 
4.000E-03 1.295E+00 5.810E-02 3.591E+02 3.605E+02 
5.000E-03 1.116E+00 6.787E-02 1.922E+02 1.934E+02 
6.000E-03 9.638E-01 7.696E-02 1.143E+02 1.153E+02 
7.000E-03 8.336E-01 8.532E-02 7.316E+01 7.408E+01 
8.000E-03 7.229E-01 9.292E-02 4.950E+01 5.032E+01 
9.000E-03 6.295E-01 9.974E-02 3.496E+01 3.569E+01 
1.000E-02 5.513E-01 1.058E-01 2.556E+01 2.621E+01 
1.100E-02 4.860E-01 1.111E-01 1.922E+01 1.981E+01 
1.200E-02 4.314E-01 1.158E-01 1.479E+01 1.534E+01 
1.300E-02 3.855E-01 1.198E-01 1.161E+01 1.212E+01 
1.400E-02 3.466E-01 1.234E-01 9.274E+00 9.744E+00 
1.500E-02 3.136E-01 1.265E-01 7.515E+00 7.955E+00 
1.600E-02 2.853E-01 1.292E-01 6.168E+00 6.583E+00 
1.700E-02 2.608E-01 1.316E-01 5.121E+00 5.513E+00 
1.800E-02 2.396E-01 1.336E-01 4.294E+00 4.667E+00 
1.900E-02 2.210E-01 1.355E-01 3.634E+00 3.990E+00 
2.000E-02 2.046E-01 1.371E-01 3.100E+00 3.442E+00 
2.100E-02 1.901E-01 1.385E-01 2.665E+00 2.993E+00 
2.200E-02 1.771E-01 1.398E-01 2.306E+00 2.623E+00 
2.300E-02 1.655E-01 1.410E-01 2.007E+00 2.314E+00 
2.400E-02 1.551E-01 1.421E-01 1.758E+00 2.055E+00 
2.500E-02 1.456E-01 1.430E-01 1.547E+00 1.836E+00 
2.600E-02 1.371E-01 1.438E-01 1.368E+00 1.649E+00 
2.700E-02 1.293E-01 1.446E-01 1.215E+00 1.489E+00 
2.800E-02 1.221E-01 1.453E-01 1.084E+00 1.351E+00 
2.900E-02 1.156E-01 1.459E-01 9.706E-01 1.232E+00 
3.000E-02 1.095E-01 1.464E-01 8.722E-01 1.128E+00 
3.100E-02 1.040E-01 1.469E-01 7.865E-01 1.037E+00 
3.200E-02 9.884E-02 1.474E-01 7.114E-01 9.576E-01 
3.300E-02 9.407E-02 1.478E-01 6.454E-01 8.873E-01 
3.400E-02 8.964E-02 1.481E-01 5.872E-01 8.250E-01 
3.500E-02 8.552E-02 1.484E-01 5.357E-01 7.696E-01 
3.600E-02 8.167E-02 1.487E-01 4.899E-01 7.202E-01 
3.700E-02 7.808E-02 1.489E-01 4.490E-01 6.760E-01 
3.800E-02 7.471E-02 1.491E-01 4.125E-01 6.364E-01 
3.900E-02 7.155E-02 1.493E-01 3.798E-01 6.007E-01 
4.000E-02 6.859E-02 1.494E-01 3.504E-01 5.684E-01 
4.100E-02 6.580E-02 1.495E-01 3.239E-01 5.392E-01 
4.200E-02 6.317E-02 1.496E-01 3.000E-01 5.128E-01 
4.300E-02 6.070E-02 1.497E-01 2.783E-01 4.886E-01 
4.400E-02 5.836E-02 1.497E-01 2.586E-01 4.667E-01 
4.500E-02 5.616E-02 1.497E-01 2.407E-01 4.466E-01 
4.600E-02 5.407E-02 1.497E-01 2.243E-01 4.281E-01 
4.700E-02 5.210E-02 1.497E-01 2.094E-01 4.112E-01 
4.800E-02 5.023E-02 1.497E-01 1.958E-01 3.957E-01 
4.900E-02 4.846E-02 1.496E-01 1.833E-01 3.814E-01 
5.000E-02 4.678E-02 1.496E-01 1.718E-01 3.681E-01 
5.100E-02 4.519E-02 1.495E-01 1.612E-01 3.559E-01 
5.200E-02 4.367E-02 1.494E-01 1.515E-01 3.446E-01 
5.300E-02 4.223E-02 1.493E-01 1.425E-01 3.340E-01 
5.400E-02 4.086E-02 1.492E-01 1.342E-01 3.242E-01 
5.500E-02 3.955E-02 1.491E-01 1.265E-01 3.151E-01 
5.600E-02 3.830E-02 1.489E-01 1.194E-01 3.066E-01 
5.700E-02 3.711E-02 1.488E-01 1.128E-01 2.987E-01 
5.800E-02 3.598E-02 1.486E-01 1.067E-01 2.913E-01 
5.900E-02 3.489E-02 1.485E-01 1.010E-01 2.843E-01 
6.000E-02 3.386E-02 1.483E-01 9.564E-02 2.778E-01 
6.100E-02 3.287E-02 1.481E-01 9.068E-02 2.717E-01 
6.200E-02 3.192E-02 1.480E-01 8.606E-02 2.659E-01 
6.300E-02 3.101E-02 1.478E-01 8.174E-02 2.605E-01 
6.400E-02 3.014E-02 1.476E-01 7.770E-02 2.554E-01 
6.500E-02 2.931E-02 1.474E-01 7.391E-02 2.506E-01 
6.600E-02 2.851E-02 1.472E-01 7.036E-02 2.460E-01 
6.700E-02 2.774E-02 1.469E-01 6.704E-02 2.417E-01 
6.800E-02 2.700E-02 1.467E-01 6.391E-02 2.376E-01 
6.900E-02 2.630E-02 1.465E-01 6.097E-02 2.338E-01 
7.000E-02 2.561E-02 1.463E-01 5.821E-02 2.301E-01 
7.100E-02 2.496E-02 1.461E-01 5.561E-02 2.266E-01 
7.200E-02 2.433E-02 1.458E-01 5.315E-02 2.233E-01 
7.300E-02 2.372E-02 1.456E-01 5.084E-02 2.202E-01 
7.400E-02 2.314E-02 1.454E-01 4.866E-02 2.172E-01 
7.500E-02 2.258E-02 1.451E-01 4.659E-02 2.143E-01 
7.600E-02 2.203E-02 1.449E-01 4.464E-02 2.116E-01 
7.700E-02 2.151E-02 1.446E-01 4.280E-02 2.089E-01 
7.800E-02 2.101E-02 1.444E-01 4.105E-02 2.064E-01 
7.900E-02 2.052E-02 1.441E-01 3.940E-02 2.041E-01 
8.000E-02 2.005E-02 1.439E-01 3.783E-02 2.018E-01 
8.100E-02 1.959E-02 1.436E-01 3.634E-02 1.996E-01 
8.200E-02 1.915E-02 1.434E-01 3.493E-02 1.975E-01 
8.300E-02 1.873E-02 1.431E-01 3.359E-02 1.955E-01 
8.400E-02 1.832E-02 1.429E-01 3.232E-02 1.935E-01 
8.500E-02 1.792E-02 1.426E-01 3.110E-02 1.917E-01 
8.600E-02 1.754E-02 1.424E-01 2.995E-02 1.899E-01 
8.700E-02 1.716E-02 1.421E-01 2.885E-02 1.881E-01 
8.800E-02 1.680E-02 1.419E-01 2.781E-02 1.865E-01 
8.900E-02 1.645E-02 1.416E-01 2.681E-02 1.849E-01 
9.000E-02 1.612E-02 1.414E-01 2.586E-02 1.833E-01 
9.100E-02 1.579E-02 1.411E-01 2.495E-02 1.818E-01 
9.200E-02 1.547E-02 1.408E-01 2.409E-02 1.804E-01 
9.300E-02 1.516E-02 1.406E-01 2.326E-02 1.790E-01 
9.400E-02 1.486E-02 1.403E-01 2.247E-02 1.777E-01 
9.500E-02 1.457E-02 1.401E-01 2.172E-02 1.764E-01 
9.600E-02 1.429E-02 1.398E-01 2.100E-02 1.751E-01 
9.700E-02 1.401E-02 1.396E-01 2.030E-02 1.739E-01 
9.800E-02 1.375E-02 1.393E-01 1.964E-02 1.727E-01 
9.900E-02 1.349E-02 1.390E-01 1.901E-02 1.715E-01 
1.000E-01 1.324E-02 1.388E-01 1.840E-02 1.704E-01 
1.010E-01 1.299E-02 1.385E-01 1.782E-02 1.693E-01 
1.020E-01 1.275E-02 1.383E-01 1.726E-02 1.683E-01 
1.030E-01 1.252E-02 1.380E-01 1.673E-02 1.673E-01 
1.040E-01 1.230E-02 1.378E-01 1.621E-02 1.663E-01 
1.050E-01 1.208E-02 1.375E-01 1.572E-02 1.653E-01 
1.060E-01 1.186E-02 1.372E-01 1.525E-02 1.644E-01 
1.070E-01 1.165E-02 1.370E-01 1.479E-02 1.634E-01 
1.080E-01 1.145E-02 1.367E-01 1.436E-02 1.625E-01 
1.090E-01 1.125E-02 1.365E-01 1.393E-02 1.617E-01 
1.100E-01 1.106E-02 1.362E-01 1.353E-02 1.608E-01 
1.110E-01 1.087E-02 1.360E-01 1.314E-02 1.600E-01 
1.120E-01 1.069E-02 1.357E-01 1.277E-02 1.592E-01 
1.130E-01 1.051E-02 1.355E-01 1.241E-02 1.584E-01 
1.140E-01 1.034E-02 1.352E-01 1.206E-02 1.576E-01 
1.150E-01 1.017E-02 1.350E-01 1.172E-02 1.569E-01 
1.160E-01 1.000E-02 1.347E-01 1.140E-02 1.561E-01 
1.170E-01 9.843E-03 1.345E-01 1.109E-02 1.554E-01 
1.180E-01 9.685E-03 1.342E-01 1.079E-02 1.547E-01 
1.190E-01 9.532E-03 1.340E-01 1.050E-02 1.540E-01 
1.200E-01 9.381E-03 1.337E-01 1.022E-02 1.533E-01 
1.210E-01 9.235E-03 1.335E-01 9.952E-03 1.527E-01 
1.220E-01 9.091E-03 1.332E-01 9.692E-03 1.520E-01 
1.230E-01 8.951E-03 1.330E-01 9.440E-03 1.514E-01 
1.240E-01 8.814E-03 1.328E-01 9.198E-03 1.508E-01 
1.250E-01 8.681E-03 1.325E-01 8.963E-03 1.502E-01 
1.260E-01 8.550E-03 1.323E-01 8.736E-03 1.496E-01 
1.270E-01 8.422E-03 1.320E-01 8.517E-03 1.490E-01 
1.280E-01 8.297E-03 1.318E-01 8.305E-03 1.484E-01 
1.290E-01 8.175E-03 1.316E-01 8.099E-03 1.478E-01 
1.300E-01 8.055E-03 1.313E-01 7.901E-03 1.473E-01 
1.310E-01 7.938E-03 1.311E-01 7.709E-03 1.467E-01 
1.320E-01 7.824E-03 1.308E-01 7.523E-03 1.462E-01 
1.330E-01 7.712E-03 1.306E-01 7.342E-03 1.457E-01 
1.340E-01 7.602E-03 1.304E-01 7.168E-03 1.451E-01 
1.350E-01 7.494E-03 1.301E-01 6.999E-03 1.446E-01 
1.360E-01 7.389E-03 1.299E-01 6.835E-03 1.441E-01 
1.370E-01 7.286E-03 1.297E-01 6.676E-03 1.436E-01 
1.380E-01 7.186E-03 1.294E-01 6.522E-03 1.431E-01 
1.390E-01 7.087E-03 1.292E-01 6.373E-03 1.427E-01 
1.400E-01 6.990E-03 1.290E-01 6.228E-03 1.422E-01 


